0 -0.75
1 -0.75
1 -0.75
2 -0.75
3 -0.75
3 -0.75
4 -0.75
5 -0.75
6 -0.75
6 -0.75
7 -0.75
8 -0.75
9 -0.75
10 -0.75
10 -0.75
11 -0.75
12 -0.75
13 -0.75
14 -0.75
16 -0.75
17 -0.75
19 -0.75
20 -0.75
22 -0.75
23 -0.75
25 -0.75
26 -0.75
28 -0.75
29 -0.75
31 -0.75
32 -0.75
34 -0.75
35 -0.75
37 -0.75
38 -0.76
40 -0.76
41 -0.76
44 -0.76
45 -0.76
47 -0.76
48 -0.76
50 -0.76
51 -0.76
53 -0.76
54 -0.76
56 -0.77
57 -0.77
59 -0.77
60 -0.77
62 -0.77
63 -0.77
65 -0.77
66 -0.77
68 -0.77
69 -0.77
71 -0.77
72 -0.77
74 -0.77
75 -0.77
77 -0.77
78 -0.77
80 -0.77
81 -0.77
83 -0.77
84 -0.77
87 -0.77
88 -0.77
90 -0.77
91 -0.77
93 -0.77
94 -0.77
96 -0.77
97 -0.77
99 -0.77
100 -0.77
102 -0.77
103 -0.77
105 -0.77
107 -0.77
108 -0.77
110 -0.77
112 -0.77
113 -0.77
115 -0.77
117 -0.77
118 -0.77
120 -0.77
122 -0.77
123 -0.77
125 -0.77
128 -0.77
129 -0.77
131 -0.77
133 -0.77
134 -0.77
136 -0.77
138 -0.77
139 -0.77
141 -0.77
143 -0.76
144 -0.76
146 -0.76
148 -0.76
149 -0.76
151 -0.76
153 -0.76
154 -0.76
156 -0.76
158 -0.76
159 -0.76
161 -0.76
163 -0.76
164 -0.76
166 -0.76
167 -0.76
169 -0.76
172 -0.76
173 -0.75
175 -0.75
177 -0.75
178 -0.75
180 -0.75
182 -0.75
183 -0.75
185 -0.75
187 -0.76
188 -0.76
190 -0.76
192 -0.76
193 -0.76
195 -0.76
197 -0.76
198 -0.76
200 -0.76
202 -0.76
203 -0.76
205 -0.76
207 -0.76
208 -0.76
210 -0.76
212 -0.76
214 -0.76
216 -0.76
218 -0.76
219 -0.76
221 -0.76
223 -0.76
224 -0.77
226 -0.77
228 -0.77
229 -0.77
231 -0.77
233 -0.76
234 -0.76
236 -0.76
238 -0.76
239 -0.76
241 -0.76
243 -0.76
244 -0.76
246 -0.76
248 -0.75
249 -0.75
251 -0.75
252 -0.74
254 -0.74
257 -0.74
258 -0.73
260 -0.73
262 -0.73
263 -0.72
265 -0.72
267 -0.71
268 -0.71
270 -0.71
272 -0.70
273 -0.70
275 -0.69
277 -0.69
278 -0.68
280 -0.68
282 -0.67
283 -0.67
285 -0.66
287 -0.66
288 -0.65
290 -0.65
292 -0.65
293 -0.64
295 -0.64
297 -0.63
299 -0.63
301 -0.62
303 -0.62
304 -0.62
306 -0.61
308 -0.61
309 -0.61
311 -0.60
313 -0.60
314 -0.60
316 -0.59
318 -0.59
319 -0.59
321 -0.58
323 -0.58
324 -0.58
326 -0.57
328 -0.57
329 -0.57
331 -0.57
332 -0.56
334 -0.56
336 -0.56
337 -0.56
339 -0.55
342 -0.55
343 -0.55
345 -0.54
347 -0.54
348 -0.54
350 -0.54
352 -0.53
353 -0.53
355 -0.53
357 -0.52
358 -0.52
360 -0.52
362 -0.51
363 -0.51
365 -0.51
367 -0.51
368 -0.50
370 -0.50
372 -0.50
373 -0.50
375 -0.49
377 -0.49
378 -0.49
380 -0.49
382 -0.48
384 -0.48
386 -0.48
388 -0.48
389 -0.47
391 -0.47
393 -0.47
394 -0.47
396 -0.47
398 -0.46
399 -0.46
401 -0.46
403 -0.46
404 -0.46
406 -0.46
408 -0.45
409 -0.45
411 -0.45
413 -0.45
414 -0.45
416 -0.45
417 -0.45
419 -0.45
421 -0.45
422 -0.45
424 -0.44
427 -0.44
428 -0.44
430 -0.44
432 -0.44
433 -0.44
435 -0.44
437 -0.44
438 -0.44
440 -0.44
442 -0.44
443 -0.44
445 -0.44
447 -0.44
448 -0.44
450 -0.44
452 -0.44
453 -0.44
455 -0.44
457 -0.44
458 -0.44
460 -0.43
462 -0.43
463 -0.43
465 -0.43
467 -0.43
468 -0.43
471 -0.43
473 -0.43
474 -0.43
476 -0.43
478 -0.43
479 -0.43
481 -0.43
483 -0.43
484 -0.43
486 -0.43
488 -0.43
489 -0.43
491 -0.43
493 -0.43
494 -0.43
496 -0.43
498 -0.43
499 -0.43
501 -0.43
503 -0.43
504 -0.43
506 -0.43
507 -0.43
509 -0.43
512 -0.43
513 -0.43
515 -0.43
517 -0.43
518 -0.43
520 -0.43
522 -0.43
523 -0.43
525 -0.43
527 -0.43
528 -0.43
530 -0.43
532 -0.43
533 -0.43
535 -0.43
537 -0.43
538 -0.43
540 -0.43
542 -0.43
543 -0.43
545 -0.43
547 -0.43
548 -0.43
550 -0.43
552 -0.43
553 -0.43
556 -0.43
558 -0.43
559 -0.43
561 -0.43
563 -0.43
564 -0.43
566 -0.43
568 -0.43
569 -0.43
571 -0.43
573 -0.43
574 -0.43
576 -0.43
578 -0.43
579 -0.43
581 -0.43
583 -0.43
584 -0.43
586 -0.43
588 -0.43
589 -0.43
591 -0.43
592 -0.43
594 -0.43
596 -0.43
599 -0.43
600 -0.43
602 -0.43
603 -0.43
605 -0.43
607 -0.43
608 -0.43
610 -0.43
612 -0.43
613 -0.43
615 -0.43
617 -0.43
618 -0.43
620 -0.43
622 -0.43
623 -0.43
625 -0.43
627 -0.43
628 -0.43
630 -0.43
632 -0.43
633 -0.43
635 -0.43
637 -0.43
638 -0.43
641 -0.43
643 -0.43
644 -0.43
646 -0.43
648 -0.43
649 -0.43
651 -0.43
653 -0.43
654 -0.43
656 -0.43
658 -0.43
659 -0.43
661 -0.43
663 -0.43
664 -0.43
666 -0.43
668 -0.43
669 -0.43
671 -0.43
673 -0.43
674 -0.43
676 -0.43
677 -0.43
679 -0.43
681 -0.43
683 -0.43
685 -0.43
687 -0.43
688 -0.43
690 -0.43
692 -0.43
693 -0.43
695 -0.43
697 -0.43
698 -0.43
700 -0.43
702 -0.43
703 -0.43
705 -0.43
707 -0.43
708 -0.43
710 -0.43
712 -0.43
713 -0.43
715 -0.43
717 -0.43
718 -0.43
720 -0.43
722 -0.43
723 -0.43
726 -0.43
728 -0.43
729 -0.43
731 -0.43
733 -0.43
734 -0.43
736 -0.43
738 -0.43
739 -0.43
741 -0.43
743 -0.43
744 -0.43
746 -0.43
748 -0.43
749 -0.43
751 -0.43
753 -0.43
754 -0.43
756 -0.43
758 -0.43
759 -0.43
761 -0.43
763 -0.43
764 -0.43
766 -0.43
768 -0.43
770 -0.43
772 -0.43
773 -0.43
775 -0.43
777 -0.43
778 -0.43
780 -0.43
782 -0.43
783 -0.43
785 -0.43
787 -0.43
788 -0.43
790 -0.43
792 -0.43
793 -0.43
795 -0.43
797 -0.43
798 -0.43
800 -0.43
802 -0.43
803 -0.43
805 -0.43
807 -0.43
808 -0.43
811 -0.43
813 -0.43
814 -0.43
816 -0.43
818 -0.43
819 -0.43
821 -0.43
823 -0.43
824 -0.43
826 -0.43
828 -0.43
829 -0.43
831 -0.43
833 -0.43
834 -0.43
836 -0.43
838 -0.43
839 -0.43
841 -0.43
843 -0.43
844 -0.43
846 -0.43
848 -0.43
849 -0.43
851 -0.43
854 -0.43
855 -0.43
857 -0.43
858 -0.43
860 -0.43
862 -0.43
863 -0.43
865 -0.43
867 -0.43
868 -0.43
870 -0.43
872 -0.43
873 -0.43
875 -0.43
877 -0.43
878 -0.43
880 -0.43
882 -0.43
883 -0.43
885 -0.43
887 -0.43
888 -0.43
890 -0.43
892 -0.43
893 -0.43
896 -0.43
898 -0.43
899 -0.43
901 -0.43
903 -0.43
904 -0.43
906 -0.43
908 -0.43
909 -0.43
911 -0.43
913 -0.43
914 -0.43
916 -0.43
918 -0.43
919 -0.43
921 -0.43
923 -0.43
924 -0.43
926 -0.43
928 -0.43
929 -0.43
931 -0.43
933 -0.43
934 -0.43
936 -0.43
939 -0.43
940 -0.43
942 -0.43
943 -0.43
945 -0.43
947 -0.43
949 -0.43
950 -0.43
952 -0.43
953 -0.43
955 -0.43
957 -0.43
958 -0.43
960 -0.43
962 -0.43
963 -0.43
965 -0.43
967 -0.43
968 -0.43
970 -0.43
972 -0.43
973 -0.43
975 -0.43
977 -0.43
978 -0.43
980 -0.43
983 -0.43
984 -0.43
986 -0.43
988 -0.43
989 -0.43
991 -0.43
993 -0.43
994 -0.43
996 -0.43
998 -0.43
999 -0.43
1001 -0.43
1003 -0.43
1005 -0.43
1006 -0.43
1008 -0.43
1010 -0.43
1012 -0.43
1014 -0.43
1016 -0.43
1017 -0.43
1019 -0.43
1021 -0.43
1024 -0.43
1026 -0.43
1027 -0.43
1029 -0.43
1031 -0.43
1033 -0.43
1035 -0.43
1037 -0.43
1038 -0.43
1040 -0.43
1042 -0.43
1044 -0.43
1046 -0.43
1048 -0.43
1049 -0.43
1051 -0.43
1053 -0.43
1055 -0.43
1057 -0.43
1059 -0.43
1060 -0.43
1062 -0.43
1064 -0.43
1067 -0.43
1069 -0.43
1070 -0.43
1072 -0.43
1074 -0.43
1076 -0.43
1078 -0.43
1080 -0.43
1081 -0.43
1083 -0.43
1085 -0.43
1087 -0.43
1089 -0.43
1091 -0.43
1092 -0.43
1094 -0.43
1096 -0.43
1098 -0.43
1100 -0.43
1102 -0.43
1103 -0.43
1105 -0.43
1107 -0.43
1110 -0.43
1112 -0.43
1114 -0.43
1115 -0.43
1117 -0.43
1119 -0.43
1121 -0.43
1123 -0.43
1124 -0.43
1126 -0.43
1128 -0.43
1130 -0.43
1132 -0.43
1134 -0.43
1135 -0.43
1137 -0.43
1139 -0.43
1141 -0.43
1143 -0.43
1145 -0.43
1146 -0.43
1148 -0.43
1150 -0.43
1153 -0.43
1155 -0.43
1157 -0.43
1158 -0.43
1160 -0.43
1162 -0.43
1164 -0.43
1166 -0.43
1167 -0.43
1169 -0.43
1171 -0.43
1173 -0.43
1175 -0.43
1177 -0.43
1178 -0.43
1180 -0.43
1182 -0.43
1184 -0.43
1186 -0.43
1188 -0.43
1189 -0.43
1191 -0.43
1193 -0.43
1196 -0.43
1198 -0.43
1200 -0.43
1201 -0.43
1203 -0.43
1205 -0.43
1207 -0.43
1209 -0.43
1210 -0.43
1212 -0.43
1214 -0.43
1216 -0.43
1218 -0.43
1220 -0.43
1221 -0.43
1223 -0.43
1225 -0.43
1227 -0.43
1229 -0.43
1231 -0.43
1232 -0.43
1234 -0.43
1236 -0.43
1239 -0.43
1241 -0.43
1243 -0.43
1244 -0.43
1246 -0.43
1248 -0.43
1250 -0.43
1252 -0.43
1253 -0.43
1255 -0.43
1257 -0.43
1259 -0.43
1261 -0.43
1263 -0.43
1264 -0.43
1266 -0.43
1268 -0.43
1270 -0.43
1272 -0.43
1274 -0.43
1275 -0.43
1277 -0.43
1280 -0.43
1282 -0.43
1284 -0.43
1286 -0.43
1287 -0.43
1289 -0.43
1291 -0.43
1293 -0.43
1295 -0.43
1296 -0.43
1298 -0.43
1300 -0.43
1302 -0.43
1304 -0.43
1306 -0.43
1307 -0.43
1309 -0.43
1311 -0.43
1313 -0.43
1315 -0.43
1317 -0.43
1318 -0.43
1320 -0.43
1323 -0.43
1325 -0.43
1327 -0.43
1329 -0.43
1330 -0.43
1332 -0.43
1334 -0.43
1336 -0.43
1338 -0.43
1339 -0.43
1341 -0.43
1343 -0.43
1345 -0.43
1347 -0.43
1349 -0.43
1350 -0.43
1352 -0.43
1354 -0.43
1356 -0.43
1358 -0.43
1360 -0.43
1361 -0.43
1363 -0.43
1366 -0.43
1368 -0.43
1370 -0.43
1372 -0.43
1373 -0.43
1375 -0.43
1377 -0.43
1379 -0.43
1381 -0.43
1382 -0.43
1384 -0.43
1386 -0.43
1388 -0.43
1390 -0.43
1392 -0.43
1393 -0.43
1395 -0.43
1397 -0.43
1399 -0.43
1401 -0.43
1403 -0.43
1404 -0.43
1406 -0.43
1409 -0.43
1411 -0.43
1413 -0.43
1415 -0.43
1416 -0.43
1418 -0.43
1420 -0.43
1422 -0.43
1424 -0.43
1425 -0.43
1427 -0.43
1429 -0.43
1431 -0.43
1433 -0.43
1435 -0.43
1436 -0.43
1438 -0.43
1440 -0.43
1442 -0.43
1444 -0.43
1446 -0.43
1447 -0.43
1449 -0.43
1452 -0.43
1454 -0.43
1456 -0.43
1458 -0.43
1459 -0.43
1461 -0.43
1463 -0.43
1465 -0.43
1467 -0.43
1469 -0.43
1470 -0.43
1472 -0.43
1474 -0.43
1476 -0.43
1478 -0.43
1479 -0.43
1481 -0.43
1483 -0.43
1485 -0.43
1487 -0.43
1489 -0.43
1490 -0.43
1492 -0.43
1495 -0.43
1497 -0.43
1499 -0.43
1501 -0.43
1502 -0.43
1504 -0.43
1506 -0.43
1508 -0.43
1510 -0.43
1512 -0.43
1513 -0.43
1515 -0.43
1517 -0.43
1519 -0.43
1521 -0.43
1522 -0.43
1524 -0.43
1526 -0.43
1528 -0.43
1530 -0.43
1532 -0.43
1533 -0.43
1536 -0.43
1538 -0.43
1540 -0.43
1542 -0.43
1544 -0.43
1545 -0.43
1547 -0.43
1549 -0.43
1551 -0.43
1553 -0.43
1554 -0.43
1556 -0.43
1558 -0.43
1560 -0.43
1562 -0.43
1564 -0.43
1565 -0.43
1567 -0.43
1569 -0.43
1571 -0.43
1573 -0.43
1575 -0.43
1576 -0.43
1579 -0.43
1581 -0.43
1583 -0.43
1585 -0.43
1587 -0.43
1588 -0.43
1590 -0.43
1592 -0.43
1594 -0.43
1596 -0.43
1598 -0.43
1599 -0.43
1601 -0.43
1603 -0.43
1605 -0.43
1607 -0.43
1608 -0.43
1610 -0.43
1612 -0.43
1614 -0.43
1616 -0.43
1618 -0.43
1619 -0.43
1622 -0.43
1624 -0.43
1626 -0.43
1628 -0.43
1630 -0.43
1631 -0.43
1633 -0.43
1635 -0.43
1637 -0.43
1639 -0.43
1641 -0.43
1642 -0.43
1644 -0.43
1646 -0.43
1648 -0.43
1650 -0.43
1651 -0.43
1653 -0.43
1655 -0.43
1657 -0.43
1659 -0.43
1661 -0.43
1662 -0.43
1665 -0.43
1667 -0.43
1669 -0.43
1671 -0.43
1673 -0.43
1674 -0.43
1676 -0.43
1678 -0.43
1680 -0.43
1682 -0.43
1683 -0.43
1685 -0.43
1687 -0.43
1689 -0.43
1691 -0.43
1693 -0.43
1694 -0.43
1696 -0.43
1698 -0.43
1700 -0.43
1702 -0.43
1704 -0.43
1705 -0.43
1708 -0.43
1710 -0.43
1712 -0.43
1714 -0.43
1716 -0.43
1717 -0.43
1719 -0.43
1721 -0.43
1723 -0.43
1725 -0.43
1726 -0.43
1728 -0.43
1730 -0.43
1732 -0.43
1734 -0.43
1736 -0.43
1737 -0.43
1739 -0.43
1741 -0.43
1743 -0.43
1745 -0.43
1747 -0.43
1748 -0.43
1751 -0.43
1753 -0.43
1755 -0.43
1757 -0.43
1759 -0.43
1760 -0.43
1762 -0.43
1764 -0.43
1766 -0.43
1768 -0.43
1769 -0.43
1771 -0.43
1773 -0.43
1775 -0.43
1777 -0.43
1779 -0.43
1780 -0.43
1782 -0.43
1784 -0.43
1786 -0.43
1788 -0.43
1790 -0.43
1792 -0.43
1794 -0.43
1796 -0.43
1798 -0.43
1800 -0.43
1802 -0.43
1803 -0.43
1805 -0.43
1807 -0.43
1809 -0.43
1811 -0.43
1812 -0.43
1814 -0.43
1816 -0.43
1818 -0.43
1820 -0.43
1822 -0.43
1823 -0.43
1825 -0.43
1827 -0.43
1829 -0.43
1831 -0.43
1833 -0.43
1835 -0.43
1837 -0.43
1839 -0.43
1841 -0.43
1843 -0.43
1845 -0.43
1846 -0.43
1848 -0.43
1850 -0.43
1852 -0.43
1854 -0.43
1855 -0.43
1857 -0.43
1859 -0.43
1861 -0.43
1863 -0.43
1865 -0.43
1866 -0.43
1868 -0.43
1870 -0.43
1872 -0.43
1874 -0.43
1876 -0.43
1878 -0.43
1880 -0.43
1882 -0.43
1884 -0.43
1886 -0.43
1888 -0.43
1889 -0.43
1891 -0.43
1893 -0.43
1895 -0.43
1897 -0.43
1898 -0.43
1900 -0.43
1902 -0.43
1904 -0.43
1906 -0.43
1908 -0.43
1909 -0.43
1911 -0.43
1913 -0.43
1915 -0.43
1917 -0.43
1920 -0.43
1921 -0.43
1923 -0.43
1925 -0.43
1927 -0.43
1929 -0.43
1931 -0.43
1932 -0.43
1934 -0.43
1936 -0.43
1938 -0.43
1940 -0.43
1941 -0.43
1943 -0.43
1945 -0.43
1947 -0.43
1949 -0.43
1951 -0.43
1952 -0.43
1954 -0.43
1956 -0.43
1958 -0.43
1960 -0.43
1963 -0.43
1964 -0.43
1966 -0.43
1968 -0.43
1970 -0.43
1972 -0.43
1974 -0.43
1975 -0.43
1977 -0.43