22 0.04
23 0.05
24 0.05
25 0.05
26 0.05
27 0.05
28 0.06
29 0.06
30 0.06
31 0.06
32 0.06
33 0.07
34 0.07
35 0.07
36 0.07
37 0.07
38 0.08
39 0.08
41 0.08
42 0.08
43 0.09
44 0.09
46 0.09
47 0.09
49 0.10
51 0.10
53 0.11
55 0.11
57 0.11
59 0.12
62 0.12
64 0.13
66 0.13
69 0.14
73 0.15
75 0.15
79 0.16
83 0.17
86 0.17
89 0.18
94 0.19
98 0.20
102 0.20
106 0.21
111 0.22
116 0.23
120 0.24
125 0.25
129 0.26
133 0.27
138 0.28
141 0.28
146 0.29
150 0.30
153 0.31
157 0.31
161 0.32
164 0.33
167 0.33
169 0.34
173 0.35
176 0.35
178 0.36
181 0.36
183 0.37
185 0.37
187 0.37
189 0.38
190 0.38
191 0.38
193 0.39
194 0.39
195 0.39
196 0.39
197 0.39
198 0.40
197 0.39
198 0.40
197 0.39
196 0.39
195 0.39
194 0.39
193 0.39
192 0.38
190 0.38
189 0.38
188 0.38
187 0.37
185 0.37
183 0.37
181 0.36
180 0.36
178 0.36
176 0.35
174 0.35
171 0.34
170 0.34
168 0.34
166 0.33
164 0.33
161 0.32
158 0.32
157 0.31
154 0.31
151 0.30
149 0.30
147 0.29
144 0.29
142 0.28
139 0.28
137 0.27
135 0.27
132 0.26
130 0.26
128 0.26
126 0.25
124 0.25
122 0.24
120 0.24
119 0.24
118 0.24
117 0.23
116 0.23
115 0.23
116 0.23
117 0.23
118 0.24
119 0.24
120 0.24
121 0.24
122 0.24
123 0.25
124 0.25
125 0.25
126 0.25
127 0.25
128 0.26
129 0.26
130 0.26
131 0.26
132 0.26
133 0.27
135 0.27
136 0.27
137 0.27
139 0.28
140 0.28
142 0.28
143 0.29
145 0.29
146 0.29
147 0.29
148 0.30
149 0.30
150 0.30
151 0.30
152 0.30
153 0.31
154 0.31
155 0.31
156 0.31
155 0.31
156 0.31
157 0.31
156 0.31
157 0.31
158 0.32
157 0.31
158 0.32
159 0.32
158 0.32
159 0.32
160 0.32
161 0.32
160 0.32
161 0.32
162 0.32
163 0.33
164 0.33
165 0.33
166 0.33
167 0.33
168 0.34
169 0.34
170 0.34
171 0.34
170 0.34
171 0.34
172 0.34
173 0.35
174 0.35
175 0.35
176 0.35
177 0.35
178 0.36
179 0.36
180 0.36
181 0.36
182 0.36
183 0.37
184 0.37
185 0.37
186 0.37
187 0.37
188 0.38
187 0.37
188 0.38
189 0.38
190 0.38
191 0.38
190 0.38
191 0.38
192 0.38
193 0.39
192 0.38
193 0.39
194 0.39
195 0.39
194 0.39
195 0.39
196 0.39
197 0.39
198 0.40
199 0.40
200 0.40
201 0.40
202 0.40
203 0.41
204 0.41
205 0.41
206 0.41
207 0.41
208 0.42
209 0.42
210 0.42
211 0.42
212 0.42
213 0.43
214 0.43
215 0.43
216 0.43
217 0.43
218 0.44
216 0.43
219 0.44
220 0.44
221 0.44
222 0.44
223 0.45
224 0.45
225 0.45
226 0.45
227 0.45
229 0.46
230 0.46
231 0.46
232 0.46
233 0.47
234 0.47
235 0.47
236 0.47
238 0.48
239 0.48
240 0.48
242 0.48
243 0.49
244 0.49
246 0.49
247 0.49
248 0.50
250 0.50
252 0.50
253 0.51
255 0.51
256 0.51
257 0.51
259 0.52
261 0.52
262 0.52
263 0.53
265 0.53
266 0.53
268 0.54
269 0.54
271 0.54
273 0.55
274 0.55
275 0.55
277 0.55
278 0.56
279 0.56
281 0.56
282 0.56
284 0.57
285 0.57
286 0.57
287 0.57
288 0.58
289 0.58
290 0.58
292 0.58
293 0.59
294 0.59
295 0.59
296 0.59
297 0.59
296 0.59
295 0.59
294 0.59
293 0.59
292 0.58
291 0.58
290 0.58
289 0.58
288 0.58
289 0.58
288 0.58
289 0.58
290 0.58
291 0.58
292 0.58
293 0.59
294 0.59
295 0.59
296 0.59
297 0.59
298 0.60
299 0.60
300 0.60
301 0.60
302 0.60
303 0.61
304 0.61
305 0.61
306 0.61
307 0.61
308 0.62
309 0.62
310 0.62
309 0.62
310 0.62
309 0.62
310 0.62
309 0.62
310 0.62
309 0.62
310 0.62
309 0.62
310 0.62
309 0.62
310 0.62
311 0.62
312 0.62
313 0.63
314 0.63
315 0.63
316 0.63
317 0.63
318 0.64
319 0.64
320 0.64
321 0.64
322 0.64
323 0.65
324 0.65
323 0.65
324 0.65
325 0.65
326 0.65
327 0.65
328 0.66
329 0.66
330 0.66
331 0.66
332 0.66
333 0.67
334 0.67
335 0.67
336 0.67
337 0.67
338 0.68
339 0.68
340 0.68
341 0.68
342 0.68
343 0.69
344 0.69
345 0.69
346 0.69
347 0.69
346 0.69
347 0.69
348 0.70
347 0.69
348 0.70
349 0.70
348 0.70
349 0.70
350 0.70
351 0.70
350 0.70
351 0.70
352 0.70
353 0.71
354 0.71
355 0.71
356 0.71
357 0.71
358 0.72
359 0.72
360 0.72
361 0.72
362 0.72
363 0.73
364 0.73
366 0.73
367 0.73
369 0.74
370 0.74
372 0.74
374 0.75
375 0.75
376 0.75
379 0.76
381 0.76
383 0.77
384 0.77
387 0.77
389 0.78
391 0.78
393 0.79
396 0.79
399 0.80
402 0.80
404 0.81
408 0.82
412 0.82
416 0.83
419 0.84
424 0.85
431 0.86
434 0.87
440 0.88
448 0.90
454 0.91
463 0.93
471 0.94
480 0.96
490 0.98
499 1.00
510 1.02
521 1.04
530 1.06
541 1.08
550 1.10
559 1.12
569 1.14
578 1.16
589 1.18
601 1.20
610 1.22
621 1.24
630 1.26
637 1.27
644 1.29
648 1.30
653 1.31
655 1.31
656 1.31
655 1.31
654 1.31
653 1.31
651 1.30
650 1.30
649 1.30
648 1.30
647 1.29
646 1.29
645 1.29
643 1.29
641 1.28
640 1.28
637 1.27
635 1.27
632 1.26
628 1.26
625 1.25
622 1.24
618 1.24
616 1.23
612 1.22
609 1.22
607 1.21
604 1.21
602 1.20
601 1.20
599 1.20
598 1.20
597 1.19
598 1.20
599 1.20
601 1.20
602 1.20
603 1.21
604 1.21
606 1.21
608 1.22
610 1.22
612 1.22
615 1.23
619 1.24
622 1.24
626 1.25
630 1.26
635 1.27
639 1.28
644 1.29
648 1.30
653 1.31
659 1.32
663 1.33
668 1.34
673 1.35
677 1.35
682 1.36
686 1.37
689 1.38
693 1.39
695 1.39
699 1.40
701 1.40
703 1.41
705 1.41
707 1.41
708 1.42
709 1.42
711 1.42
712 1.42
713 1.43
714 1.43
713 1.43
714 1.43
713 1.43
714 1.43
715 1.43
716 1.43
717 1.43
718 1.44
717 1.43
718 1.44
719 1.44
720 1.44
721 1.44
720 1.44
722 1.44
723 1.45
724 1.45
725 1.45
726 1.45
727 1.45
728 1.46
729 1.46
728 1.46
730 1.46
731 1.46
730 1.46
731 1.46
732 1.46
734 1.47
735 1.47
736 1.47
738 1.48
740 1.48
741 1.48
744 1.49
746 1.49
749 1.50
752 1.50
755 1.51
757 1.51
760 1.52
762 1.52
764 1.53
766 1.53
768 1.54
770 1.54
772 1.54
774 1.55
776 1.55
777 1.55
779 1.56
780 1.56
783 1.57
784 1.57
785 1.57
787 1.57
788 1.58
789 1.58
790 1.58
789 1.58
792 1.58
793 1.59
792 1.58
794 1.59
796 1.59
798 1.60
799 1.60
800 1.60
801 1.60
802 1.60
803 1.61
804 1.61
807 1.61
808 1.62
810 1.62
811 1.62
812 1.62
814 1.63
815 1.63
817 1.63
818 1.64
820 1.64
821 1.64
822 1.64
823 1.65
824 1.65
825 1.65
826 1.65
825 1.65
827 1.65
828 1.66
827 1.65
828 1.66
827 1.65
828 1.66
827 1.65
828 1.66
827 1.65
828 1.66
829 1.66
830 1.66
831 1.66
832 1.66
835 1.67
836 1.67
838 1.68
841 1.68
843 1.69
847 1.69
849 1.70
851 1.70
856 1.71
859 1.72
863 1.73
867 1.73
870 1.74
875 1.75
878 1.76
881 1.76
886 1.77
890 1.78
893 1.79
897 1.79
900 1.80
904 1.81
907 1.81
910 1.82
914 1.83
917 1.83
920 1.84
923 1.85
925 1.85
927 1.85
930 1.86
932 1.86
935 1.87
936 1.87
938 1.88
940 1.88
942 1.88
943 1.89
944 1.89
946 1.89
947 1.89
948 1.90
949 1.90
950 1.90
949 1.90
950 1.90
951 1.90
952 1.90
953 1.91
954 1.91
955 1.91
956 1.91
958 1.92
959 1.92
960 1.92
962 1.92
964 1.93
965 1.93
967 1.93
969 1.94
970 1.94
972 1.94
974 1.95
975 1.95
977 1.95
979 1.96
980 1.96
982 1.96
983 1.97
985 1.97
986 1.97
987 1.97
988 1.98
989 1.98
990 1.98
989 1.98
990 1.98
991 1.98
992 1.98
991 1.98
992 1.98
991 1.98
992 1.98
991 1.98
992 1.98
991 1.98
992 1.98
991 1.98
992 1.98
991 1.98
992 1.98
993 1.99
992 1.98
993 1.99
994 1.99
995 1.99
996 1.99
997 1.99
998 2.00
999 2.00
1000 2.00
1001 2.00
1005 2.01
1004 2.01
1006 2.01
1008 2.02
1010 2.02
1011 2.02
1016 2.03
1015 2.03
1018 2.04
1019 2.04
1020 2.04
1025 2.05
1023 2.05
1026 2.05
1031 2.06
1029 2.06
1028 2.06
1030 2.06
1029 2.06
1034 2.07
1031 2.06
1030 2.06
1031 2.06
1032 2.06
1031 2.06
1035 2.07
1032 2.06
1031 2.06
1032 2.06
1033 2.07
1032 2.06
1036 2.07
1033 2.07
1034 2.07
1033 2.07
1038 2.08
1035 2.07
1036 2.07
1037 2.07
1040 2.08
1038 2.08
1039 2.08
1040 2.08
1039 2.08
1041 2.08
1040 2.08
1039 2.08
1040 2.08
1039 2.08
1040 2.08
1041 2.08
1039 2.08
1040 2.08
1039 2.08
1040 2.08
1043 2.09
1040 2.08
1039 2.08
1040 2.08
1041 2.08
1039 2.08
1044 2.09
1041 2.08
1040 2.08
1042 2.08
1047 2.09
1045 2.09
1048 2.10
1049 2.10
1050 2.10
1055 2.11
1053 2.11
1055 2.11
1059 2.12
1061 2.12
1062 2.12
1067 2.13
1068 2.14
1072 2.14
1074 2.15
1076 2.15
1080 2.16
1081 2.16
1082 2.16
1086 2.17
1088 2.18
1089 2.18
1091 2.18
1093 2.19
1095 2.19
1098 2.20
1100 2.20
1101 2.20
1104 2.21
1105 2.21
1106 2.21
1108 2.22
1111 2.22
1112 2.22
1114 2.23
1117 2.23
1118 2.24
1121 2.24
1123 2.25
1124 2.25
1126 2.25
1130 2.26
1131 2.26
1134 2.27
1136 2.27
1137 2.27
1138 2.28
1141 2.28
1142 2.28
1144 2.29
1146 2.29
1149 2.30
1151 2.30
1153 2.31
1156 2.31
1158 2.32
1159 2.32
1158 2.32
1160 2.32
1159 2.32
1161 2.32
1159 2.32
1161 2.32
1160 2.32
1161 2.32
1160 2.32
1159 2.32
1161 2.32
1159 2.32
1161 2.32
1160 2.32
1159 2.32
1161 2.32
1160 2.32
1161 2.32
1160 2.32
1159 2.32
1161 2.32
1159 2.32
1161 2.32
1159 2.32
1161 2.32
1160 2.32
1161 2.32
1159 2.32
1161 2.32
1160 2.32
1161 2.32
1162 2.32
1160 2.32
1161 2.32
1160 2.32
1162 2.32
1160 2.32
1163 2.33
1162 2.32
1164 2.33
1163 2.33
1162 2.32
1165 2.33
1164 2.33
1166 2.33
1165 2.33
1167 2.33
1168 2.34
1167 2.33
1168 2.34
1169 2.34
1168 2.34
1169 2.34
1168 2.34
1169 2.34
1168 2.34
1169 2.34
1168 2.34
1169 2.34
1168 2.34
1170 2.34
1168 2.34
1169 2.34
1170 2.34
1169 2.34
1170 2.34
1171 2.34
1170 2.34
1171 2.34
1172 2.34
1171 2.34
1172 2.34
1171 2.34
1173 2.35
1172 2.34
1173 2.35
1172 2.34
1173 2.35
1174 2.35
1172 2.34
1174 2.35
1173 2.35
1174 2.35
1175 2.35
1174 2.35
1175 2.35
1174 2.35
1176 2.35
1177 2.35
1175 2.35
1177 2.35
1178 2.36
1177 2.35
1178 2.36
1176 2.35
1178 2.36
1179 2.36
1178 2.36
1177 2.35
1179 2.36
1178 2.36
1179 2.36
1180 2.36
1181 2.36
1180 2.36
1179 2.36
1181 2.36
1182 2.36
1183 2.37
1182 2.36
1184 2.37
1183 2.37
1185 2.37
1187 2.37
1188 2.38
1190 2.38
1189 2.38
1190 2.38
1192 2.38
1191 2.38
1192 2.38
1194 2.39
1193 2.39
1194 2.39
1195 2.39
1194 2.39
1196 2.39
1195 2.39
1197 2.39
1196 2.39
1198 2.40
1197 2.39
1199 2.40
1198 2.40
1200 2.40
1201 2.40
1202 2.40
1201 2.40
1203 2.41
1202 2.40
1203 2.41
1205 2.41
1204 2.41
1205 2.41
1206 2.41
1205 2.41
1206 2.41
1207 2.41
1206 2.41
1207 2.41
1206 2.41
1208 2.42
1209 2.42
1207 2.41
1209 2.42
1210 2.42
1211 2.42
1209 2.42
1212 2.42
1210 2.42
1213 2.43
1214 2.43
1215 2.43
1214 2.43
1216 2.43
1217 2.43
1216 2.43
1218 2.44
1219 2.44
1218 2.44
1220 2.44
1221 2.44
1222 2.44
1224 2.45
1222 2.44
1225 2.45
1226 2.45
1227 2.45
1226 2.45
1228 2.46
1227 2.45
1228 2.46
1229 2.46
1228 2.46
1229 2.46
1230 2.46
1229 2.46
1230 2.46
1244 2.49
1231 2.46
1230 2.46
1231 2.46
1245 2.49
1231 2.46
1232 2.46
1231 2.46
1232 2.46
1246 2.49
1232 2.46
1233 2.47
1231 2.46
1232 2.46
1233 2.47
1247 2.49
1233 2.47
1234 2.47
1233 2.47
1234 2.47
1235 2.47
1234 2.47
1235 2.47
1236 2.47
1234 2.47
1235 2.47
1236 2.47
1237 2.47
1236 2.47
1237 2.47
1238 2.48
1237 2.47
1238 2.48
1237 2.47
1238 2.48
1237 2.47
1238 2.48
1239 2.48
1237 2.47
1238 2.48
1239 2.48
1238 2.48
1239 2.48
1240 2.48
1239 2.48
1241 2.48
1240 2.48
1241 2.48
1242 2.48
1241 2.48
1242 2.48
1244 2.49
1243 2.49
1245 2.49
1244 2.49
1246 2.49
1247 2.49
1246 2.49
1248 2.50
1249 2.50
1251 2.50
1253 2.51
1254 2.51
1256 2.51
1257 2.51
1258 2.52
1259 2.52
1261 2.52
1264 2.53
1265 2.53
1266 2.53
1269 2.54
1268 2.54
1271 2.54
1272 2.54
1273 2.55
1276 2.55
1279 2.56
1283 2.57
1285 2.57
1286 2.57
1291 2.58
1294 2.59
1296 2.59
1300 2.60
1303 2.61
1304 2.61
1309 2.62
1312 2.62
1313 2.63
1317 2.63
1319 2.64
1320 2.64
1323 2.65
1325 2.65
1327 2.65
1328 2.66
1327 2.65
1329 2.66
1328 2.66
1329 2.66
1327 2.65
1328 2.66
1329 2.66
1327 2.65
1328 2.66
1326 2.65
1327 2.65
1325 2.65
1324 2.65
1323 2.65
1321 2.64
1320 2.64
1318 2.64
1317 2.63
1316 2.63
1314 2.63
1312 2.62
1309 2.62
1310 2.62
1311 2.62
1349 2.70
1310 2.62
1308 2.62
1310 2.62
1349 2.70
1310 2.62
1308 2.62
1310 2.62
1349 2.70
1310 2.62
1309 2.62
1311 2.62
1312 2.62
1311 2.62
1312 2.62
1315 2.63
1314 2.63
1317 2.63
1319 2.64
1322 2.64
1324 2.65
1326 2.65
1328 2.66
1329 2.66
1332 2.66
1333 2.67
1334 2.67
1335 2.67
1336 2.67
1335 2.67
1337 2.67
1336 2.67
1337 2.67
1336 2.67
1337 2.67
1335 2.67
1337 2.67
1336 2.67
1337 2.67
1336 2.67
1337 2.67
1335 2.67
1337 2.67
1336 2.67
1335 2.67
1336 2.67
1337 2.67
1336 2.67
1335 2.67
1336 2.67
1337 2.67
1335 2.67
1334 2.67
1336 2.67
1335 2.67
1336 2.67
1335 2.67
1334 2.67
1336 2.67
1334 2.67
1335 2.67
1336 2.67
1335 2.67
1336 2.67
1334 2.67
1335 2.67
1336 2.67
1335 2.67
1334 2.67
1336 2.67
1334 2.67
1336 2.67
1335 2.67
1336 2.67
1337 2.67
1335 2.67
1336 2.67
1337 2.67
1336 2.67
1337 2.67
1338 2.68
1336 2.67
1338 2.68
1339 2.68
1338 2.68
1340 2.68
1341 2.68
1340 2.68
1342 2.68
1343 2.69
1342 2.68
1344 2.69
1345 2.69
1344 2.69
1347 2.69
1348 2.70
1346 2.69
1349 2.70
1350 2.70
1348 2.70
1350 2.70
1351 2.70
1350 2.70
1351 2.70
1350 2.70
1351 2.70
1352 2.70
1350 2.70
1352 2.70
1353 2.71
1352 2.70
1354 2.71
1353 2.71
1354 2.71
1355 2.71
1354 2.71
1356 2.71
1357 2.71
1356 2.71
1357 2.71
1358 2.72
1357 2.71
1359 2.72
1360 2.72
1358 2.72
1360 2.72
1361 2.72
1360 2.72
1361 2.72
1362 2.72
1361 2.72
1362 2.72
1363 2.73
1385 2.77
1364 2.73
1365 2.73
1364 2.73
1366 2.73
1388 2.78
1366 2.73
1367 2.73
1389 2.78
1367 2.73
1365 2.73
1366 2.73
1367 2.73
1366 2.73
1367 2.73
1366 2.73
1367 2.73
1368 2.74
1366 2.73
1368 2.74
1369 2.74
1367 2.73
1369 2.74
1370 2.74
1369 2.74
1372 2.74
1374 2.75
1376 2.75
1377 2.75
1376 2.75
1377 2.75
1379 2.76
1378 2.76
1380 2.76
1381 2.76
1380 2.76
1381 2.76
1382 2.76
1381 2.76
1382 2.76
1381 2.76
1382 2.76
1383 2.77
1382 2.76
1384 2.77
1383 2.77
1384 2.77
1386 2.77
1385 2.77
1387 2.77
1388 2.78
1390 2.78
1392 2.78
1394 2.79
1393 2.79
1395 2.79
1397 2.79
1400 2.80
1401 2.80
1403 2.81
1405 2.81
1408 2.82
1409 2.82
1408 2.82
1411 2.82
1413 2.83
1415 2.83
1416 2.83
1418 2.84
1420 2.84
1419 2.84
1421 2.84
1422 2.84
1420 2.84
1421 2.84
1423 2.85
1422 2.84
1424 2.85
1422 2.84
1424 2.85
1425 2.85
1423 2.85
1425 2.85
1423 2.85
1426 2.85
1425 2.85
1427 2.85
1426 2.85
1428 2.86
1429 2.86
1428 2.86
1430 2.86
1429 2.86
1430 2.86
1431 2.86
1430 2.86
1432 2.86
1430 2.86
1431 2.86
1432 2.86
1431 2.86
1432 2.86
1431 2.86
1432 2.86
1431 2.86
1432 2.86
1430 2.86
1431 2.86
1432 2.86
1430 2.86
1432 2.86
1430 2.86
1431 2.86
1432 2.86
1431 2.86
1432 2.86
1430 2.86
1432 2.86
1433 2.87
1432 2.86
1434 2.87
1435 2.87
1433 2.87
1435 2.87
1438 2.88
1435 2.87
1438 2.88
1441 2.88
1443 2.89
1446 2.89
1444 2.89
1448 2.90
1449 2.90
1451 2.90
1453 2.91
1455 2.91
1456 2.91
1455 2.91
1458 2.92
1459 2.92
1458 2.92
1460 2.92
1461 2.92
1459 2.92
1460 2.92
1461 2.92
1460 2.92
1461 2.92
1459 2.92
1460 2.92
1461 2.92
1459 2.92
1461 2.92
1459 2.92
1460 2.92
1461 2.92
1460 2.92
1461 2.92
1460 2.92
1461 2.92
1462 2.92
1461 2.92
1462 2.92
1463 2.93
1461 2.92
1463 2.93
1464 2.93
1463 2.93
1465 2.93
1464 2.93
1466 2.93
1467 2.93
1469 2.94
1468 2.94
1470 2.94
1471 2.94
1470 2.94
1472 2.94
1473 2.95
1472 2.94
1475 2.95
1478 2.96
1479 2.96
1483 2.97
1486 2.97
1491 2.98
1495 2.99
1497 2.99
1502 3.00
1506 3.01
1508 3.02
1513 3.03
1517 3.03
1520 3.04
1526 3.05
1530 3.06
1532 3.06
1539 3.08
1544 3.09
1549 3.10
1556 3.11
1562 3.12
1567 3.13
1577 3.15
1584 3.17
1589 3.18
1600 3.20
1608 3.22
1613 3.23
1621 3.24
1628 3.26
1633 3.27
1641 3.28
1647 3.29
1649 3.30
1657 3.31
1662 3.32
1664 3.33
1668 3.34
1673 3.35
1677 3.35
1679 3.36
1682 3.36
1685 3.37
1687 3.37
1685 3.37
1688 3.38
1687 3.37
1689 3.38
1686 3.37
1688 3.38
1687 3.37
1688 3.38
1687 3.37
1685 3.37
1684 3.37
1679 3.36
1676 3.35
1671 3.34
1668 3.34
1664 3.33
1656 3.31
1654 3.31
1648 3.30
1642 3.28
1648 3.30
1634 3.27
1628 3.26
1626 3.25
1623 3.25
1617 3.23
1616 3.23
1613 3.23
1609 3.22
1611 3.22
1610 3.22
1592 3.18
1610 3.22
1608 3.22
1612 3.22
1611 3.22
1593 3.19
1612 3.22
1614 3.23
1613 3.23
1617 3.23
1619 3.24
1604 3.21
1626 3.25
1630 3.26
1632 3.26
1639 3.28
1644 3.29
1648 3.30
1655 3.31
1661 3.32
1664 3.33
1672 3.34
1678 3.36
1681 3.36
1688 3.38
1693 3.39
1698 3.40
1702 3.40
1706 3.41
1707 3.41
1712 3.42
1714 3.43
1717 3.43
1719 3.44
1718 3.44
1770 3.54
1721 3.44
1717 3.43
1720 3.44
1719 3.44
1769 3.54
1721 3.44
1718 3.44
1720 3.44
1721 3.44
1719 3.44
1721 3.44
1718 3.44
1720 3.44
1719 3.44
1720 3.44
1721 3.44
1718 3.44
1720 3.44
1721 3.44
1719 3.44
1770 3.54
1721 3.44
1718 3.44
1720 3.44
1721 3.44
1719 3.44
1720 3.44
1721 3.44
1718 3.44
1720 3.44
1721 3.44
1719 3.44
1770 3.54
1721 3.44
1718 3.44
1720 3.44
1721 3.44
1719 3.44
1721 3.44
1718 3.44
1721 3.44
1719 3.44
1721 3.44
1719 3.44
1720 3.44
1721 3.44
1719 3.44
1721 3.44
1718 3.44
1720 3.44
1721 3.44
1719 3.44
1721 3.44
1718 3.44
1721 3.44
1719 3.44
1721 3.44
1718 3.44
1721 3.44
1719 3.44
1720 3.44
1721 3.44
1719 3.44
1721 3.44
1719 3.44
1721 3.44
1719 3.44
1721 3.44
1723 3.45
1722 3.44
1725 3.45
1726 3.45
1724 3.45
1728 3.46
1731 3.46
1730 3.46
1734 3.47
1736 3.47
1740 3.48
1744 3.49
1745 3.49
1791 3.58
1753 3.51
1752 3.50
1757 3.51
1760 3.52
1761 3.52
1807 3.61
1768 3.54
1772 3.54
1775 3.55
1779 3.56
1782 3.56
1780 3.56
1785 3.57
1787 3.57
1790 3.58
1791 3.58
1790 3.58
1793 3.59
1795 3.59
1796 3.59
1797 3.59
1794 3.59
1797 3.59
1798 3.60
1796 3.59
1797 3.59
1795 3.59
1797 3.59
1798 3.60
1796 3.59
1797 3.59
1795 3.59
1797 3.59
1795 3.59
1796 3.59
1797 3.59
1794 3.59
1797 3.59
1795 3.59
1796 3.59
1797 3.59
1795 3.59
1797 3.59
1795 3.59
1796 3.59
1797 3.59
1794 3.59
1797 3.59
1795 3.59
1796 3.59
1797 3.59
1794 3.59
1797 3.59
1795 3.59
1796 3.59
1797 3.59
1794 3.59
1797 3.59
1795 3.59
1796 3.59
1795 3.59
1794 3.59
1797 3.59
1798 3.60
1795 3.59
1796 3.59
1795 3.59
1799 3.60
1801 3.60
1802 3.60
1807 3.61
1809 3.62
1810 3.62
1812 3.62
1817 3.63
1818 3.64
1823 3.65
1826 3.65
1827 3.65
1847 3.69
1835 3.67
1840 3.68
1843 3.69
1855 3.71
1849 3.70
1853 3.71
1855 3.71
1856 3.71
1859 3.72
1861 3.72
1859 3.72
1864 3.73
1866 3.73
1865 3.73
1868 3.74
1869 3.74
1872 3.74
1874 3.75
1873 3.75
1876 3.75
1878 3.76
1876 3.75
1880 3.76
1882 3.76
1883 3.77
1881 3.76
1884 3.77
1885 3.77
1883 3.77
1885 3.77
1886 3.77
1883 3.77
1886 3.77
1884 3.77
1885 3.77
1886 3.77
1883 3.77
1885 3.77
1886 3.77
1884 3.77
1886 3.77
1883 3.77
1886 3.77
1884 3.77
1886 3.77
1883 3.77
1886 3.77
1884 3.77
1886 3.77
1884 3.77
1886 3.77
1887 3.77
1886 3.77
1888 3.78
1889 3.78
1890 3.78
1892 3.78
1894 3.79
1895 3.79
1899 3.80
1901 3.80
1904 3.81
1907 3.81
1911 3.82
1912 3.82
1921 3.84
1923 3.85
1924 3.85
1933 3.87
1938 3.88
1940 3.88
1946 3.89
1950 3.90
1949 3.90
1955 3.91
1959 3.92
1960 3.92
1963 3.93
1966 3.93
1964 3.93
1968 3.94
1970 3.94
1968 3.94
1972 3.94
1970 3.94
1973 3.95
1974 3.95
1972 3.94
1974 3.95
1976 3.95
1972 3.94
1975 3.95
1976 3.95
1973 3.95
1977 3.95
1978 3.96
1975 3.95
1977 3.95
1978 3.96
1976 3.95
1978 3.96
1974 3.95
1978 3.96
1975 3.95
1977 3.95
1978 3.96
1974 3.95
1978 3.96
1977 3.95
1975 3.95
1977 3.95
1975 3.95
1973 3.95
1975 3.95
1976 3.95
1972 3.94
1974 3.95
1971 3.94
1969 3.94
1970 3.94
1965 3.93
1966 3.93
1963 3.93
1964 3.93
1962 3.92
1961 3.92
1957 3.91
1959 3.92
1960 3.92
1956 3.91
1958 3.92
1959 3.92
1957 3.91
1959 3.92
1956 3.91
1958 3.92
1960 3.92
1957 3.91
1960 3.92
1957 3.91
1961 3.92
1962 3.92
1960 3.92
1963 3.93
1964 3.93
1962 3.92
1966 3.93
1968 3.94
1966 3.93
1971 3.94
1972 3.94
1971 3.94
1975 3.95
1976 3.95
1974 3.95
1979 3.96
1980 3.96
1978 3.96
1982 3.96
1984 3.97
1981 3.96
1984 3.97
1986 3.97
1984 3.97
1988 3.98
1989 3.98
1986 3.97
1990 3.98
1992 3.98
1988 3.98
1992 3.98
1989 3.98
1992 3.98
1994 3.99
1988 3.98
1992 3.98
1989 3.98
1991 3.98
1994 3.99
1988 3.98
1991 3.98
1992 3.98
1989 3.98
1991 3.98
1992 3.98
1988 3.98
1991 3.98
1992 3.98
1988 3.98
1991 3.98
1992 3.98
1988 3.98
1991 3.98
1988 3.98
1991 3.98
1992 3.98
1988 3.98
1991 3.98
1992 3.98
1988 3.98
1991 3.98
1992 3.98
1988 3.98
1991 3.98
1992 3.98
1989 3.98
1992 3.98
1988 3.98
1991 3.98
1992 3.98
1993 3.99
1992 3.98
1989 3.98
1991 3.98
1992 3.98
1993 3.99
1991 3.98
1992 3.98
1989 3.98
1991 3.98
1993 3.99
1992 3.98
1988 3.98
1991 3.98
1992 3.98
1989 3.98
1991 3.98
1994 3.99
1988 3.98
1991 3.98
1992 3.98
1989 3.98
1992 3.98
1989 3.98
1991 3.98
1992 3.98
1989 3.98
1992 3.98
1988 3.98
1991 3.98
1992 3.98
1989 3.98
1992 3.98
1994 3.99
1989 3.98
1992 3.98
1993 3.99
1990 3.98
1993 3.99
1994 3.99
1990 3.98
1994 3.99
1995 3.99
1993 3.99
1996 3.99
1994 3.99
1998 4.00
1999 4.00
1997 3.99
2000 4.00
1998 4.00
2002 4.00
2004 4.01
2001 4.00
2004 4.01
2002 4.00
2006 4.01
2007 4.01
2004 4.01
2008 4.02
2005 4.01
2009 4.02
2010 4.02
2008 4.02
2011 4.02
2012 4.02
2009 4.02
2012 4.02
2014 4.03
2011 4.02
2014 4.03
2012 4.02
2015 4.03
2016 4.03
2013 4.03
2016 4.03
2013 4.03
2017 4.03
2015 4.03
2018 4.04
2020 4.04
2016 4.03
2018 4.04
2019 4.04
2016 4.03
2020 4.04
2017 4.03
2021 4.04
2022 4.04
2018 4.04
2022 4.04
2019 4.04
2023 4.05
2020 4.04
2023 4.05
2025 4.05
2020 4.04
2024 4.05
2021 4.04
2024 4.05
2026 4.05
2021 4.04
2023 4.05
2024 4.05
2021 4.04
2024 4.05
2026 4.05
2020 4.04
2023 4.05
2024 4.05
2021 4.04
2024 4.05
2026 4.05
2021 4.04
2023 4.05
2024 4.05
2021 4.04
2024 4.05
2026 4.05
2021 4.04
2024 4.05
2021 4.04
2024 4.05
2026 4.05
2021 4.04
2024 4.05
2021 4.04
2024 4.05
2026 4.05
2021 4.04
2024 4.05
2025 4.05
2026 4.05
2025 4.05
2026 4.05
2023 4.05
2026 4.05
2027 4.05
2029 4.06
2028 4.06
2030 4.06
2026 4.05
2030 4.06
2031 4.06
2032 4.06
2034 4.07
2033 4.07
2034 4.07
2035 4.07
2032 4.06
2036 4.07
2038 4.08
2034 4.07
2037 4.07
2038 4.08
2035 4.07
2039 4.08
2040 4.08
2036 4.07
2040 4.08
2041 4.08
2038 4.08
2041 4.08
2042 4.08
2039 4.08
2042 4.08
2043 4.09
2041 4.08
2045 4.09
2046 4.09
2042 4.08
2046 4.09
2047 4.09
2044 4.09
2048 4.10
2050 4.10
2046 4.09
2050 4.10
2051 4.10
2048 4.10
2052 4.10
2049 4.10
2053 4.11
2054 4.11
2051 4.10
2054 4.11
2055 4.11
2051 4.10
2054 4.11
2051 4.10
2054 4.11
2055 4.11
2051 4.10
2054 4.11
2052 4.10
2051 4.10
2054 4.11
2055 4.11
2051 4.10
2054 4.11
2055 4.11
2051 4.10
2054 4.11
2057 4.11
2051 4.10
2054 4.11
2055 4.11
2050 4.10
2054 4.11
2051 4.10
2054 4.11
2050 4.10
2054 4.11
2051 4.10
2054 4.11
2055 4.11
2051 4.10
2054 4.11
2057 4.11
2051 4.10
2054 4.11
2055 4.11
2051 4.10
2054 4.11
2057 4.11
2051 4.10
2055 4.11
2051 4.10
2055 4.11
2057 4.11
2053 4.11
2056 4.11
2057 4.11
2053 4.11
2057 4.11
2058 4.12
2055 4.11
2059 4.12
2056 4.11
2061 4.12
2062 4.12
2059 4.12
2063 4.13
2064 4.13
2061 4.12
2047 4.09
2066 4.13
2063 4.13
2067 4.13
2069 4.14
2066 4.13
2070 4.14
2072 4.14
2069 4.14
2073 4.15
2075 4.15
2073 4.15
2078 4.16
2079 4.16
2081 4.16
2082 4.16
2084 4.17
2081 4.16
2087 4.17
2089 4.18
2087 4.17
2092 4.18
2095 4.19
2092 4.18
2098 4.20
2099 4.20
2102 4.20
2104 4.21
2106 4.21
2102 4.20
2108 4.22
2109 4.22
2107 4.21
2111 4.22
2112 4.22
2111 4.22
2089 4.18
2113 4.23
2111 4.22
2114 4.23
2115 4.23
2114 4.23
2115 4.23
2113 4.23
2116 4.23
2114 4.23
2116 4.23
2115 4.23
2116 4.23
2117 4.23
2112 4.22
2116 4.23
2117 4.23
2113 4.23
2116 4.23
2111 4.22
2116 4.23
2115 4.23
2114 4.23
2115 4.23
2109 4.22
2112 4.22
2113 4.23
2108 4.22
2110 4.22
2105 4.21
2085 4.17
2107 4.21
2103 4.21
2106 4.21
2101 4.20
2104 4.21
2103 4.21
2100 4.20
2104 4.21
2103 4.21
2099 4.20
2079 4.16
2105 4.21
2103 4.21
2104 4.21
2099 4.20
2080 4.16
2105 4.21
2104 4.21
2099 4.20
2080 4.16
2105 4.21
2107 4.21
2103 4.21
2108 4.22
2109 4.22
2106 4.21
2111 4.22
2112 4.22
2109 4.22
2114 4.23
2115 4.23
2117 4.23
2119 4.24
2115 4.23
2097 4.19
2121 4.24
2123 4.25
2124 4.25
2119 4.24
2100 4.20
2125 4.25
2126 4.25
2125 4.25
2126 4.25
2120 4.24
2102 4.20
2125 4.25
2126 4.25
2125 4.25
2126 4.25
2120 4.24
2101 4.20
2125 4.25
2126 4.25
2125 4.25
2120 4.24
2125 4.25
2124 4.25
2119 4.24
2125 4.25
2124 4.25
2119 4.24
2124 4.25
2123 4.25
2120 4.24
2124 4.25
2119 4.24
2100 4.20
2123 4.25
2120 4.24
2123 4.25
2124 4.25
2119 4.24
2100 4.20
2123 4.25
2120 4.24
2124 4.25
2119 4.24
2100 4.20
2123 4.25
2121 4.24
2124 4.25
2119 4.24
2100 4.20
2123 4.25
2121 4.24
2124 4.25
2119 4.24
2100 4.20
2125 4.25
2124 4.25
2125 4.25
2119 4.24
2101 4.20
2125 4.25
2121 4.24
2124 4.25
2125 4.25
2122 4.24
2124 4.25
2125 4.25
2121 4.24
2125 4.25
2124 4.25
2122 4.24
2124 4.25
2125 4.25
2121 4.24
2125 4.25
2123 4.25
2124 4.25
2125 4.25
2120 4.24
2102 4.20
2125 4.25
2120 4.24
2102 4.20
2125 4.25
2120 4.24
2100 4.20
2125 4.25
2119 4.24
2102 4.20
2125 4.25
2120 4.24
2101 4.20
2125 4.25
2120 4.24
2100 4.20
2125 4.25
2124 4.25
2125 4.25
2119 4.24
2101 4.20
2125 4.25
2120 4.24
2101 4.20
2125 4.25
2124 4.25
2119 4.24
2100 4.20
2125 4.25
2124 4.25
2119 4.24
2100 4.20
2125 4.25
2120 4.24
2102 4.20
2127 4.25
2122 4.24
2128 4.26
2125 4.25
2128 4.26
2129 4.26
2124 4.25
2107 4.21
2129 4.26
2125 4.25
2129 4.26
2124 4.25
2128 4.26
2129 4.26
2126 4.25
2129 4.26
2130 4.26
2124 4.25
2128 4.26
2129 4.26
2125 4.25
2129 4.26
2124 4.25
2128 4.26
2129 4.26
2125 4.25
2129 4.26
2124 4.25
2106 4.21
2129 4.26
2125 4.25
2129 4.26
2124 4.25
2107 4.21
2129 4.26
2125 4.25
2129 4.26
2130 4.26
2124 4.25
2106 4.21
2129 4.26
2125 4.25
2130 4.26
2125 4.25
2108 4.22
2131 4.26
2127 4.25
2130 4.26
2132 4.26
2126 4.25
2131 4.26
2128 4.26
2131 4.26
2126 4.25
2131 4.26
2128 4.26
2131 4.26
2129 4.26
2131 4.26
2128 4.26
2131 4.26
2132 4.26
2129 4.26
2132 4.26
2128 4.26
2132 4.26
2130 4.26
2132 4.26
2133 4.27
2130 4.26
2133 4.27
2134 4.27
2129 4.26
2135 4.27
2136 4.27
2137 4.27
2132 4.26
2137 4.27
2138 4.28
2139 4.28
2134 4.27
2116 4.23
2139 4.28
2140 4.28
2135 4.27
2118 4.24
2141 4.28
2137 4.27
2140 4.28
2135 4.27
2118 4.24
2141 4.28
2137 4.27
2140 4.28
2135 4.27
2118 4.24
2138 4.28
2137 4.27
2140 4.28
2135 4.27
2118 4.24
2138 4.28
2137 4.27
2140 4.28
2135 4.27
2117 4.23
2138 4.28
2136 4.27
2140 4.28
2141 4.28
2135 4.27
2118 4.24
2141 4.28
2137 4.27
2140 4.28
2141 4.28
2136 4.27
2142 4.28
2143 4.29
2144 4.29
2139 4.28
2144 4.29
2145 4.29
2142 4.28
2146 4.29
2147 4.29
2141 4.28
2148 4.30
2144 4.29
2147 4.29
2148 4.30
2142 4.28
2124 4.25
2147 4.29
2148 4.30
2142 4.28
2125 4.25
2148 4.30
2144 4.29
2148 4.30
2142 4.28
2148 4.30
2145 4.29
2148 4.30
2149 4.30
2142 4.28
2148 4.30
2144 4.29
2148 4.30
2142 4.28
2148 4.30
2145 4.29
2148 4.30
2142 4.28
2125 4.25
2149 4.30
2145 4.29
2148 4.30
2149 4.30
2143 4.29
2149 4.30
2150 4.30
2146 4.29
2150 4.30
2151 4.30
2145 4.29
2151 4.30
2152 4.30
2153 4.31
2146 4.29
2134 4.27
2152 4.30
2153 4.31
2152 4.30
2153 4.31
2147 4.29
2134 4.27
2152 4.30
2153 4.31
2152 4.30
2153 4.31
2147 4.29
2134 4.27
2152 4.30
2149 4.30
2153 4.31
2150 4.30
2134 4.27
2152 4.30
2149 4.30
2152 4.30
2153 4.31
2150 4.30
2133 4.27
2152 4.30
2149 4.30
2152 4.30
2153 4.31
2150 4.30
2153 4.31
2152 4.30
2154 4.31
2155 4.31
2150 4.30
2138 4.28
2158 4.32
2155 4.31
2160 4.32
2162 4.32
2157 4.31
2165 4.33
2166 4.33
2167 4.33
2168 4.34
2169 4.34
2163 4.33
2171 4.34
2172 4.34
2168 4.34
2171 4.34
2172 4.34
2166 4.33
2153 4.31
2173 4.35
2169 4.34
2172 4.34
2166 4.33
2153 4.31
2173 4.35
2169 4.34
2172 4.34
2173 4.35
2166 4.33
2153 4.31
2173 4.35
2168 4.34
2172 4.34
2166 4.33
2172 4.34
2168 4.34
2172 4.34
2165 4.33
2172 4.34
2171 4.34
2172 4.34
2171 4.34
2172 4.34
2165 4.33
2172 4.34
2169 4.34
2173 4.35
2174 4.35
2167 4.33
2155 4.31
2176 4.35
2172 4.34
2176 4.35
2177 4.35
2170 4.34
2163 4.33
2178 4.36
2174 4.35
2177 4.35
2178 4.36
2171 4.34
2164 4.33
2178 4.36
2174 4.35
2178 4.36
2179 4.36
2171 4.34
2164 4.33
2178 4.36
2174 4.35
2178 4.36
2179 4.36
2172 4.34
2178 4.36
2174 4.35
2178 4.36
2171 4.34
2178 4.36
2175 4.35
2178 4.36
2171 4.34
2177 4.35
2178 4.36
2174 4.35
2178 4.36
2171 4.34
2177 4.35
2178 4.36
2174 4.35
2178 4.36
2179 4.36
2172 4.34
2180 4.36
2182 4.36
2177 4.35
2182 4.36
2183 4.37
2177 4.35
2171 4.34
2186 4.37
2187 4.37
2188 4.38
2182 4.36
2190 4.38
2191 4.38
2190 4.38
2191 4.38
2184 4.37
2191 4.38
2192 4.38
2187 4.37
2191 4.38
2184 4.37
2191 4.38
2192 4.38
2187 4.37
2191 4.38
2189 4.38
2191 4.38
2192 4.38
2187 4.37
2191 4.38
2189 4.38
2177 4.35
2192 4.38
2187 4.37
2191 4.38
2189 4.38
2190 4.38
2192 4.38
2187 4.37
2190 4.38
2184 4.37
2190 4.38
2192 4.38
2187 4.37
2190 4.38
2191 4.38
2184 4.37
2192 4.38
2189 4.38
2192 4.38
2194 4.39
2187 4.37
2180 4.36
2196 4.39
2191 4.38
2195 4.39
2196 4.39
2188 4.38
2181 4.36
2196 4.39
2192 4.38
2195 4.39
2196 4.39
2188 4.38
2181 4.36
2196 4.39
2192 4.38
2195 4.39
2196 4.39
2189 4.38
2196 4.39
2192 4.38
2195 4.39
2196 4.39
2189 4.38
2196 4.39
2192 4.38
2195 4.39
2196 4.39
2188 4.38
2180 4.36
2195 4.39
2192 4.38
2195 4.39
2188 4.38
2180 4.36
2195 4.39
2191 4.38
2195 4.39
2196 4.39
2188 4.38
2180 4.36
2196 4.39
2192 4.38
2196 4.39
2197 4.39
2189 4.38
2197 4.39
2198 4.40
2197 4.39
2198 4.40
2191 4.38
2190 4.38
2198 4.40
2199 4.40
2198 4.40
2199 4.40
2191 4.38
2190 4.38
2200 4.40
2196 4.39
2199 4.40
2200 4.40
2193 4.39
2201 4.40
2202 4.40
2196 4.39
2203 4.41
2204 4.41
2201 4.40
2205 4.41
2206 4.41
2199 4.40
2207 4.41
2208 4.42
2205 4.41
2209 4.42
2203 4.41
2211 4.42
2212 4.42
2208 4.42
2213 4.43
2206 4.41
2205 4.41
2216 4.43
2215 4.43
2216 4.43
2208 4.42
2216 4.43
2218 4.44
2217 4.43
2216 4.43
2217 4.43
2209 4.42
2216 4.43
2218 4.44
2213 4.43
2216 4.43
2217 4.43
2208 4.42
2217 4.43
2218 4.44
2212 4.42
2216 4.43
2217 4.43
2209 4.42
2217 4.43
2218 4.44
2213 4.43
2216 4.43
2217 4.43
2209 4.42
2217 4.43
2218 4.44
2213 4.43
2217 4.43
2215 4.43
2217 4.43
2218 4.44
2213 4.43
2216 4.43
2217 4.43
2215 4.43
2217 4.43
2218 4.44
2213 4.43
2216 4.43
2217 4.43
2215 4.43
2216 4.43
2218 4.44
2217 4.43
2209 4.42
2217 4.43
2218 4.44
2214 4.43
2218 4.44
2219 4.44
2211 4.42
2210 4.42
2222 4.44
2217 4.43
2222 4.44
2223 4.45
2216 4.43
2221 4.44
2226 4.45
2223 4.45
2228 4.46
2230 4.46
2222 4.44
2232 4.46
2234 4.47
2231 4.46
2235 4.47
2237 4.47
2231 4.46
2240 4.48
2242 4.48
2239 4.48
2244 4.49
2246 4.49
2237 4.47
2246 4.49
2247 4.49
2248 4.50
2247 4.49
2238 4.48
2247 4.49
2248 4.50
2247 4.49
2238 4.48
2247 4.49
2248 4.50
2247 4.49
2238 4.48
2247 4.49
2248 4.50
2247 4.49
2238 4.48
2247 4.49
2248 4.50
2247 4.49
2246 4.49
2247 4.49
2238 4.48
2246 4.49
2247 4.49
2246 4.49
2237 4.47
2246 4.49
2237 4.47
2246 4.49
2247 4.49
2246 4.49
2247 4.49
2238 4.48
2247 4.49
2248 4.50
2239 4.48
2248 4.50
2240 4.48
2248 4.50
2250 4.50
2248 4.50
2249 4.50
2248 4.50
2239 4.48
2248 4.50
2249 4.50
2248 4.50
2247 4.49
2248 4.50
2239 4.48
2248 4.50
2247 4.49
2238 4.48
2247 4.49
2248 4.50