0 0.00
1  0.00
1  0.00
1  0.00
1  0.00
2  0.00
2  0.00
3  0.00
3  0.00
4  0.01
4  0.01
4  0.01
4  0.01
4  0.01
4  0.01
4  0.01
5  0.01
5  0.01
7  0.01
8  0.02
11  0.02
14  0.02
18  0.03
23  0.03
28  0.04
34  0.05
40  0.06
47  0.07
54  0.08
61  0.10
69  0.12
78  0.13
88  0.15
99  0.18
110  0.20
125  0.23
140  0.26
157  0.29
172  0.32
189  0.36
205  0.40
221  0.44
235  0.48
249  0.52
263  0.56
276  0.61
290  0.65
301  0.69
313  0.73
324  0.77
334  0.80
342  0.84
351  0.87
359  0.90
366  0.93
373  0.95
381  0.97
388  1.00
395  1.02
402  1.03
408  1.05
414  1.07
422  1.08
428  1.09
433  1.10
439  1.11
445  1.12
450  1.12
455  1.13
460  1.13
465  1.13
470  1.13
474  1.13
478  1.13
482  1.13
485  1.12
489  1.12
492  1.11
495  1.11
499  1.10
502  1.09
504  1.08
507  1.07
510  1.06
513  1.05
517  1.04
520  1.03
524  1.02
528  1.01
532  1.00
536  0.98
541  0.97
546  0.96
551  0.96
556  0.95
562  0.94
567  0.93
573  0.93
579  0.92
584  0.91
588  0.91
593  0.90
597  0.90
601  0.89
605  0.89
608  0.88
611  0.87
614  0.87
617  0.86
621  0.85
624  0.84
627  0.84
631 0.83
634 0.82
638 0.81
642 0.81
645 0.80
649 0.79
652 0.79
656 0.78
659 0.77
663 0.77
667 0.76
669 0.75
673 0.75
676 0.74
679 0.73
681 0.73
684 0.72
686 0.71
688 0.71
691 0.70
694 0.69
696 0.68
698 0.68
701 0.67
703 0.66
706 0.65
709 0.65
711 0.64
714 0.63
717 0.63
721 0.62
725 0.62
729 0.61
733 0.61
738 0.60
742 0.60
747 0.60
752 0.60
757 0.60
761 0.60
767 0.60
771 0.60
776 0.60
780 0.60
785 0.60
789 0.60
793 0.60
797 0.60
800 0.60
804 0.60
809 0.61
812 0.61
816 0.61
820 0.61
825 0.61
829 0.61
833 0.61
838 0.61
843 0.61
849 0.62
854 0.62
858 0.62
864 0.62
869 0.63
874 0.63
879 0.63
884 0.64
889 0.64
892 0.64
897 0.65
902 0.65
906 0.65
910 0.65
914 0.66
918 0.66
921 0.66
924 0.66
927 0.66
930 0.66
932 0.66
935 0.66
937 0.65
940 0.65
943 0.65
946 0.65
949 0.64
953 0.64
957 0.64
960 0.64
963 0.63
967 0.63
970 0.63
973 0.63
977 0.62
980 0.62
983 0.62
986 0.61
990 0.61
993 0.61
997 0.61
1001 0.61
1005 0.60
1010 0.60
1015 0.60
1021 0.60
1026 0.60
1032 0.61
1038 0.61
1045 0.61
1052 0.62
1059 0.62
1067 0.63
1075 0.63
1083 0.64
1092 0.65
1100 0.66
1108 0.67
1115 0.68
1123 0.69
1130 0.70
1137 0.72
1143 0.73
1149 0.74
1154 0.75
1160 0.75
1165 0.76
1170 0.77
1176 0.78
1182 0.78
1186 0.79
1192 0.79
1198 0.80
1204 0.81
1209 0.81
1215 0.82
1221 0.82
1227 0.82
1233 0.83
1239 0.83
1245 0.84
1251 0.84
1257 0.84
1262  0.85
1269  0.85
1274  0.86
1279  0.86
1283  0.86
1287  0.86
1292  0.86
1296  0.86
1301  0.86
1304  0.86
1309  0.86
1313  0.86
1317  0.86
1321  0.85
1326  0.85
1331  0.85
1335  0.85
1340  0.85
1345  0.84
1351  0.84
1356  0.84
1362  0.84
1368  0.84
1375  0.84
1381  0.84
1387  0.84
1393  0.84
1399  0.84
1405  0.84
1410  0.84
1415  0.84
1419  0.84
1423  0.84
1428  0.84
1432  0.84
1436  0.84
1440  0.84
1444  0.84
1448  0.83
1452  0.83
1458  0.83
1462  0.83
1466  0.82
1471  0.82
1476  0.82
1481  0.82
1485  0.81
1490  0.81
1494  0.81
1499  0.81
1503  0.81
1506  0.80
1510  0.80
1514  0.80
1518  0.79
1521  0.79
1525  0.79
1529  0.78
1533  0.78
1537  0.77
1541  0.77
1547  0.77
1551  0.76
1557  0.76
1563  0.76
1569  0.76
1576  0.76
1582  0.76
1591  0.76
1599  0.77
1608  0.77
1615  0.78
1624  0.78
1944 0.91
2561 1.27
2568 1.60
2574 1.89
2579 2.15
2584 2.38
2590 2.59
2595 2.77
2602 2.93
2608 3.07
2615 3.19
2621 3.29
2630 3.38
2638 3.45
2647 3.52
2657 3.57
2667 3.61
2678 3.64
2688 3.67
2699 3.68
2710 3.69
2720 3.70
2731 3.70
2740 3.69
2750 3.68
2759 3.66
2768 3.64
2777 3.62
2786 3.59
2795 3.56
2804 3.53
2814 3.50
2824 3.46
2836 3.43
2848 3.39
2861 3.36
2877 3.32
2894 3.29
2912 3.26
2929 3.23
2946 3.20
2963 3.18
2980 3.15
2995 3.13