0 0.00
1 0.01
2 0.02
3 0.03
4 0.04
5 0.05
6 0.06
7 0.07
8 0.08
9 0.09
10 0.10
11 0.11
12 0.12
13 0.13
14 0.14
15 0.15
16 0.16
17 0.17
18 0.18
19 0.19
20 0.20
21 0.21
22 0.22
23 0.23
24 0.24
25 0.25
26 0.26
27 0.27
28 0.28
29 0.29
30 0.30
31 0.31
32 0.32
33 0.33
34 0.34
35 0.35
36 0.36
37 0.37
38 0.38
39 0.40
40 0.41
41 0.42
42 0.43
43 0.45
44 0.46
45 0.47
46 0.48
47 0.50
48 0.51
49 0.52
50 0.53
51 0.54
52 0.55
53 0.56
54 0.57
55 0.58
56 0.59
57 0.60
58 0.61
59 0.61
60 0.62
61 0.62
62 0.62
63 0.63
64 0.63
65 0.63
66 0.63
67 0.63
68 0.63
69 0.62
70 0.62
71 0.61
72 0.60
73 0.60
74 0.58
75 0.57
76 0.54
77 0.52
78 0.49
79 0.46
80 0.43
81 0.41
82 0.39
83 0.37
84 0.37
85 0.36
86 0.37
87 0.37
88 0.37
89 0.35
90 0.33
91 0.30
92 0.26
93 0.20
94 0.15
95 0.10
96 0.05
97 0.01
98 -0.02
99 -0.04
100 -0.05
101 -0.03
102 -0.02
103 0.01
104 0.03
105 0.05
106 0.06
107 0.07
108 0.06
109 0.05
110 0.02
111 -0.02
112 -0.05
113 -0.08
114 -0.11
115 -0.13
116 -0.14
117 -0.13
118 -0.11
119 -0.09
120 -0.06
121 -0.04
122 -0.01
123 0.01
124 0.03
125 0.04
126 0.03
127 0.02
128 -0.00
129 -0.02
130 -0.04
131 -0.05
132 -0.06
133 -0.04
134 -0.02
135 0.01
136 0.04
137 0.07
138 0.10
139 0.12
140 0.13
141 0.12
142 0.10
143 0.07
144 0.03
145 -0.01
146 -0.04
147 -0.07
148 -0.08
149 -0.07
150 -0.04
151 -0.00
152 0.04
153 0.08
154 0.11
155 0.13
156 0.13
157 0.12
158 0.10
159 0.06
160 0.02
161 -0.02
162 -0.05
163 -0.07
164 -0.08
165 -0.06
166 -0.03
167 0.01
168 0.06
169 0.10
170 0.14
171 0.16
172 0.17
173 0.16
174 0.14
175 0.10
176 0.06
177 0.03
178 -0.01
179 -0.03
180 -0.02
181 -0.00
182 0.04
183 0.08
184 0.13
185 0.18
186 0.20
187 0.22
188 0.22
189 0.20
190 0.17
191 0.13
192 0.10
193 0.07
194 0.05
195 0.04
196 0.05
197 0.07
198 0.11
199 0.16
200 0.20
201 0.24
202 0.26
203 0.26
204 0.25
205 0.23
206 0.21
207 0.18
208 0.14
209 0.12
210 0.11
211 0.11
212 0.13
213 0.16
214 0.20
215 0.24
216 0.27
217 0.29
218 0.30
219 0.29
220 0.27
221 0.25
222 0.21
223 0.18
224 0.14
225 0.12
226 0.10
227 0.09
228 0.11
229 0.13
230 0.17
231 0.21
232 0.24
233 0.27
234 0.28
235 0.27
236 0.26
237 0.23
238 0.20
239 0.16
240 0.13
241 0.10
242 0.08
243 0.08
244 0.09
245 0.11
246 0.14
247 0.16
248 0.18
249 0.19
250 0.18
251 0.16
252 0.14
253 0.10
254 0.07
255 0.04
256 0.01
257 -0.01
258 -0.02
259 0.00
260 0.03
261 0.07
262 0.11
263 0.15
264 0.18
265 0.19
266 0.19
267 0.17
268 0.15
269 0.12
270 0.08
271 0.05
272 0.02
273 -0.00
274 -0.01
275 -0.00
276 0.03
277 0.06
278 0.10
279 0.14
280 0.17
281 0.19
282 0.19
283 0.19
284 0.17
285 0.15
286 0.12
287 0.09
288 0.07
289 0.04
290 0.02
291 0.00
292 -0.01
293 -0.02
294 -0.04
295 -0.05
296 -0.05
297 -0.06
298 -0.07
299 -0.07
300 -0.08
301 -0.08
302 -0.09
303 -0.09
304 -0.09
305 -0.10
306 -0.10
307 -0.10
308 -0.10
309 -0.10
310 -0.10
311 -0.10
312 -0.10
313 -0.10
314 -0.10
315 -0.10
316 -0.10
317 -0.10
318 -0.10
319 -0.10
320 -0.10
321 -0.09
322 -0.09
323 -0.09
324 -0.09
325 -0.09
326 -0.09
327 -0.08
328 -0.08
329 -0.08
330 -0.08
331 -0.08
332 -0.07
333 -0.07
334 -0.07
335 -0.07
336 -0.07
337 -0.06
338 -0.06
339 -0.06
340 -0.06
341 -0.06
342 -0.05
343 -0.05
344 -0.05
345 -0.05
346 -0.05
347 -0.05
348 -0.05
349 -0.04
350 -0.04
351 -0.04
352 -0.04
353 -0.04
354 -0.04
355 -0.04
356 -0.03
357 -0.03
358 -0.03
359 -0.03
360 -0.03
361 -0.03
362 -0.03
363 -0.03
364 -0.03
365 -0.02
366 -0.02
367 -0.02
368 -0.02
369 -0.02
370 -0.02
371 -0.02
372 -0.01
373 -0.01
374 -0.01
375 -0.01
376 -0.00
377 -0.00
378 0.00
379 0.00
380 0.00
381 0.01
382 0.01
383 0.01
384 0.01
385 0.02
386 0.02
387 0.02
388 0.02
389 0.03
390 0.03
391 0.03
392 0.03
393 0.04
394 0.04
395 0.04
396 0.04
397 0.04
398 0.05
399 0.05
400 0.05
401 0.05
402 0.05
403 0.05
404 0.05
405 0.06
406 0.06
407 0.06
408 0.06
409 0.06
410 0.06
411 0.07
412 0.07
413 0.07
414 0.07
415 0.07
416 0.07
417 0.08
418 0.08
419 0.08
420 0.08
421 0.09
422 0.09
423 0.09
424 0.09
425 0.10
426 0.10
427 0.10
428 0.10
429 0.11
430 0.11
431 0.11
432 0.12
433 0.12
434 0.12
435 0.13
436 0.13
437 0.13
438 0.13
439 0.14
440 0.14
441 0.14
442 0.14
443 0.15
444 0.15
445 0.15
446 0.15
447 0.15
448 0.16
449 0.16
450 0.16
451 0.16
452 0.16
453 0.16
454 0.16
455 0.16
456 0.16
457 0.16
458 0.16
459 0.16
460 0.16
461 0.16
462 0.16
463 0.16
464 0.16
465 0.16
466 0.16
467 0.16
468 0.16
469 0.16
470 0.15
471 0.15
472 0.15
473 0.15
474 0.15
475 0.15
476 0.15
477 0.14
478 0.14
479 0.14
480 0.14
481 0.13
482 0.13
483 0.13
484 0.13
485 0.12
486 0.12
487 0.12
488 0.12
489 0.11
490 0.11
491 0.11
492 0.10
493 0.10
494 0.10
495 0.10
496 0.09
497 0.09
498 0.09
499 0.08
500 0.08
501 0.08
502 0.08
503 0.07
504 0.07
505 0.07
506 0.07
507 0.07
508 0.06
509 0.06
510 0.06
511 0.05
512 0.05
513 0.05
514 0.05
515 0.05
516 0.04
517 0.04
518 0.04
519 0.04
520 0.04
521 0.04
522 0.04
523 0.03
524 0.03
525 0.03
526 0.03
527 0.03
528 0.03
529 0.03
530 0.03
531 0.03
532 0.02
533 0.02
534 0.02
535 0.02
536 0.02
537 0.02
538 0.02
539 0.02
540 0.02
541 0.02
542 0.02
543 0.02
544 0.02
545 0.02
546 0.02
547 0.02
548 0.02
549 0.01
550 0.01
551 0.01
552 0.01
553 0.01
554 0.01
555 0.01
556 0.01
557 0.01
558 0.01
559 0.01
560 0.01
561 0.01
562 0.01
563 0.01
564 0.01
565 0.01
566 0.01
567 0.01
568 0.01
569 0.01
570 0.01
571 0.01
572 0.01
573 0.01
574 0.01
575 0.01
576 0.01
577 0.01
578 0.02
579 0.02
580 0.02
581 0.02
582 0.03
583 0.03
584 0.03
585 0.04
586 0.04
587 0.04
588 0.04
589 0.05
590 0.05
591 0.05
592 0.05
593 0.05
594 0.06
595 0.06
596 0.06
597 0.06
598 0.06
599 0.06
600 0.07
601 0.07
602 0.07
603 0.07
604 0.07
605 0.07
606 0.07
607 0.07
608 0.06
609 0.06
610 0.06
611 0.06
612 0.06
613 0.06
614 0.06
615 0.06
616 0.06
617 0.06
618 0.06
619 0.05
620 0.05
621 0.05
622 0.05
623 0.05
624 0.05
625 0.05
626 0.05
627 0.05
628 0.05
629 0.05
630 0.05
631 0.05
632 0.05
633 0.04
634 0.04
635 0.04
636 0.04
637 0.04
638 0.04
639 0.04
640 0.04
641 0.04
642 0.04
643 0.04
644 0.04
645 0.04
646 0.04
647 0.03
648 0.03
649 0.03
650 0.03
651 0.03
652 0.03
653 0.03
654 0.03
655 0.03
656 0.03
657 0.03
658 0.03
659 0.02
660 0.02
661 0.02
662 0.02
663 0.02
664 0.02
665 0.02
666 0.02
667 0.02
668 0.02
669 0.02
670 0.02
671 0.02
672 0.02
673 0.02
674 0.01
675 0.01
676 0.01
677 0.01
678 0.01
679 0.01
680 0.01
681 0.01
682 0.01
683 0.01
684 0.01
685 0.01
686 0.01
687 0.01
688 0.01
689 0.01
690 0.01
691 0.01
692 0.01
693 0.01
694 0.01
695 0.01
696 0.01
697 0.01
698 0.01
699 0.01
700 0.00
701 0.00
702 0.00
703 0.00
704 0.00
705 0.00
706 0.00
707 0.00
708 0.00
709 -0.00
710 -0.00
711 -0.00
712 -0.00
713 -0.00
714 -0.00
715 -0.00
716 -0.00
717 -0.00
718 -0.01
719 -0.01
720 -0.01
721 -0.01
722 -0.01
723 -0.01
724 -0.01
725 -0.01
726 -0.01
727 -0.01
728 -0.01
729 -0.01
730 -0.02
731 -0.02
732 -0.02
733 -0.02
734 -0.02
735 -0.03
736 -0.03
737 -0.03
738 -0.03
739 -0.04
740 -0.04
741 -0.04
742 -0.05
743 -0.05
744 -0.06
745 -0.06
746 -0.06
747 -0.07
748 -0.07
749 -0.08
750 -0.08
751 -0.08
752 -0.09
753 -0.09
754 -0.09
755 -0.10
756 -0.10
757 -0.10
758 -0.11
759 -0.11
760 -0.11
761 -0.12
762 -0.12
763 -0.12
764 -0.12
765 -0.13
766 -0.13
767 -0.13
768 -0.13
769 -0.13
770 -0.14
771 -0.14
772 -0.14
773 -0.14
774 -0.14
775 -0.14
776 -0.14
777 -0.14
778 -0.14
779 -0.14
780 -0.14
781 -0.14
782 -0.14
783 -0.13
784 -0.13
785 -0.13
786 -0.13
787 -0.12
788 -0.12
789 -0.12
790 -0.12
791 -0.12
792 -0.11
793 -0.11
794 -0.11
795 -0.10
796 -0.10
797 -0.10
798 -0.10
799 -0.09
800 -0.09
801 -0.08
802 -0.08
803 -0.07
804 -0.07
805 -0.07
806 -0.06
807 -0.06
808 -0.05
809 -0.05
810 -0.05
811 -0.04
812 -0.04
813 -0.03
814 -0.03
815 -0.03
816 -0.02
817 -0.02
818 -0.02
819 -0.02
820 -0.01
821 -0.01
822 -0.01
823 -0.01
824 -0.00
825 -0.00
826 -0.00
827 -0.00
828 0.00
829 0.00
830 0.00
831 0.00
832 0.00
833 0.00
834 0.00
835 0.01
836 0.01
837 0.01
838 0.01
839 0.01
840 0.01
841 0.01
842 0.01
843 0.01
844 0.01
845 0.01
846 0.01
847 0.01
848 0.01
849 0.01
850 0.01
851 0.01
852 0.01
853 0.01
854 0.01
855 0.01
856 0.01
857 0.01
858 0.01
859 0.01
860 0.00
861 0.00
862 0.00
863 0.00
864 0.00
865 0.00
866 0.00
867 0.00
868 0.00
869 0.00
870 0.00
871 0.00
872 0.00
873 0.00
874 0.00
875 0.00
876 0.00
877 0.00
878 0.00
879 0.00
880 0.00
881 0.01
882 0.01
883 0.01
884 0.01
885 0.01
886 0.01
887 0.01
888 0.01
889 0.01
890 0.01
891 0.01
892 0.02
893 0.02
894 0.02
895 0.02
896 0.02
897 0.02
898 0.02
899 0.02
900 0.02
901 0.02
902 0.02
903 0.02
904 0.02
905 0.02
906 0.02
907 0.02
908 0.02
909 0.02
910 0.02
911 0.02
912 0.02
913 0.02
914 0.02
915 0.02
916 0.02
917 0.01
918 0.01
919 0.01
920 0.01
921 0.01
922 0.01
923 0.01
924 0.01
925 0.01
926 0.01
927 0.01
928 0.01
929 0.01
930 0.01
931 0.01
932 0.01
933 0.01
934 0.01
935 0.01
936 0.01
937 0.01
938 0.01
939 0.01
940 0.01
941 0.01
942 0.01
943 0.01
944 0.01
945 0.01
946 0.01
947 0.01
948 0.01
949 0.01
950 0.01
951 0.01
952 0.01
953 0.01
954 0.00
955 0.00
956 0.00
957 0.00
958 0.00
959 0.00
960 0.00
961 0.00
962 0.00
963 0.00
964 0.00
965 0.00
966 0.00
967 0.00
968 0.00
969 0.00
970 0.00
971 0.00
972 0.00
973 0.00
974 0.00
975 0.00
976 0.00
977 0.00
978 0.00
979 0.00
980 0.00
981 0.00
982 0.00
983 0.00
984 0.00
985 0.00
986 0.00
987 0.00
988 0.00
989 0.00
990 0.00
991 0.00
992 0.00
993 0.00
994 0.00
995 0.00
996 0.00
997 0.00
998 0.00
999 0.00
1000 0.00
1001 0.00
1002 0.00
1003 0.00
1004 0.00
1005 0.00
1006 0.00
1007 0.00
1008 0.00
1009 0.00
1010 0.00
1011 0.00
1012 0.00
1013 0.00
1014 0.00
1015 0.00
1016 0.00
1017 0.00
1018 0.00
1019 0.00
1020 0.00
1021 -0.00
1022 -0.00
1023 -0.00
1024 -0.00
1025 -0.00
1026 -0.00
1027 -0.00
1028 -0.01
1029 -0.01
1030 -0.01
1031 -0.01
1032 -0.01
1033 -0.01
1034 -0.01
1035 -0.01
1036 -0.02
1037 -0.02
1038 -0.02
1039 -0.02
1040 -0.02
1041 -0.02
1042 -0.02
1043 -0.03
1044 -0.03
1045 -0.03
1046 -0.03
1047 -0.03
1048 -0.03
1049 -0.03
1050 -0.04
1051 -0.04
1052 -0.04
1053 -0.04
1054 -0.04
1055 -0.04
1056 -0.04
1057 -0.04
1058 -0.04
1059 -0.04
1060 -0.04
1061 -0.04
1062 -0.04
1063 -0.04
1064 -0.04
1065 -0.04
1066 -0.04
1067 -0.04
1068 -0.04
1069 -0.04
1070 -0.04
1071 -0.04
1072 -0.04
1073 -0.04
1074 -0.04
1075 -0.04
1076 -0.04
1077 -0.04
1078 -0.04
1079 -0.04
1080 -0.04
1081 -0.04
1082 -0.03
1083 -0.03
1084 -0.03
1085 -0.03
1086 -0.03
1087 -0.03
1088 -0.03
1089 -0.03
1090 -0.03
1091 -0.03
1092 -0.03
1093 -0.03
1094 -0.02
1095 -0.02
1096 -0.02
1097 -0.02
1098 -0.02
1099 -0.02
1100 -0.02
1101 -0.02
1102 -0.02
1103 -0.02
1104 -0.02
1105 -0.02
1106 -0.02
1107 -0.01
1108 -0.01
1109 -0.01
1110 -0.01
1111 -0.01
1112 -0.01
1113 -0.01
1114 -0.01
1115 -0.01
1116 -0.01
1117 -0.01
1118 -0.01
1119 -0.01
1120 -0.01
1121 -0.01
1122 -0.01
1123 -0.01
1124 -0.01
1125 -0.01
1126 -0.01
1127 -0.01
1128 -0.01
1129 -0.01
1130 -0.01
1131 -0.01
1132 -0.01
1133 -0.00
1134 -0.00
1135 -0.00
1136 -0.00
1137 -0.00
1138 -0.00
1139 -0.00
1140 -0.00
1141 -0.00
1142 -0.00
1143 -0.00
1144 -0.00
1145 -0.00
1146 -0.00
1147 -0.00
1148 -0.00
1149 -0.00
1150 -0.00
1151 -0.00
1152 -0.00
1153 -0.00
1154 -0.00
1155 -0.00
1156 -0.00
1157 -0.00
1158 -0.00
1159 -0.00
1160 -0.00
1161 -0.00
1162 -0.00
1163 -0.00
1164 -0.00
1165 -0.00
1166 -0.00
1167 -0.00
1168 -0.00
1169 -0.00
1170 -0.00
1171 -0.00
1172 -0.00
1173 -0.00
1174 -0.00
1175 -0.00
1176 -0.00
1177 -0.00
1178 -0.00
1179 -0.00
1180 -0.00
1181 -0.00
1182 -0.00
1183 -0.00
1184 -0.00
1185 -0.00
1186 -0.00
1187 -0.00
1188 -0.00
1189 -0.00
1190 -0.00
1191 -0.00
1192 -0.00
1193 -0.00
1194 -0.00
1195 -0.00
1196 -0.00
1197 -0.00
1198 -0.00
1199 -0.00
1200 -0.00
1201 -0.00
1202 -0.00
1203 -0.00
1204 -0.00
1205 -0.00
1206 -0.00
1207 -0.00
1208 -0.00
1209 -0.00
1210 -0.00
1211 -0.00
1212 -0.00
1213 -0.00
1214 -0.00
1215 -0.00
1216 -0.00
1217 -0.00
1218 -0.00
1219 -0.00
1220 -0.00
1221 -0.00
1222 -0.00
1223 -0.00
1224 -0.00
1225 -0.00
1226 -0.00
1227 -0.00
1228 -0.00
1229 -0.00
1230 -0.00
1231 -0.00
1232 -0.00
1233 -0.00
1234 -0.00
1235 -0.00
1236 -0.00
1237 -0.00
1238 -0.00
1239 -0.00
1240 -0.00
1241 -0.00
1242 -0.00
1243 0.00
1244 0.00
1245 0.00
1246 0.00
1247 0.00
1248 0.00
1249 0.00
1250 -0.00
1251 0.00
1252 -0.00
1253 0.00
1254 -0.00
1255 0.00
1256 -0.00
1257 0.00
1258 0.00
1259 0.00
1260 0.00
1261 0.00
1262 0.00
1263 0.00
1264 0.00
1265 0.00
1266 0.00
1267 0.00
1268 -0.00
1269 -0.00
1270 0.00
1271 0.00
1272 0.00
1273 0.00
1274 0.00
1275 0.00
1276 -0.00
1277 -0.00
1278 -0.00
1279 -0.00
1280 -0.00
1281 -0.00
1282 -0.00
1283 -0.00
1284 -0.00
1285 -0.00
1286 -0.00
1287 -0.01
1288 -0.01
1289 -0.01
1290 -0.01
1291 -0.01
1292 -0.01
1293 -0.01
1294 -0.01
1295 -0.01
1296 -0.01
1297 -0.02
1298 -0.02
1299 -0.02
1300 -0.02
1301 -0.02
1302 -0.02
1303 -0.02
1304 -0.02
1305 -0.02
1306 -0.02
1307 -0.02
1308 -0.02
1309 -0.02
1310 -0.02
1311 -0.02
1312 -0.02
1313 -0.02
1314 -0.02
1315 -0.02
1316 -0.02
1317 -0.02
1318 -0.02
1319 -0.02
1320 -0.02
1321 -0.02
1322 -0.02
1323 -0.02
1324 -0.02
1325 -0.02
1326 -0.02
1327 -0.02
1328 -0.02
1329 -0.02
1330 -0.02
1331 -0.01
1332 -0.01
1333 -0.01
1334 -0.01
1335 -0.01
1336 -0.01
1337 -0.01
1338 -0.01
1339 -0.01
1340 -0.01
1341 -0.01
1342 -0.01
1343 -0.01
1344 -0.01
1345 -0.01
1346 -0.01
1347 -0.01
1348 -0.01
1349 -0.01
1350 -0.01
1351 -0.01
1352 -0.01
1353 -0.01
1354 -0.01
1355 -0.01
1356 -0.01
1357 -0.01
1358 -0.01
1359 -0.01
1360 -0.01
1361 -0.01
1362 -0.01
1363 -0.01
1364 -0.00
1365 -0.00
1366 -0.00
1367 -0.00
1368 -0.00
1369 -0.00
1370 -0.00
1371 -0.00
1372 -0.00
1373 -0.00
1374 -0.00
1375 -0.00
1376 -0.00
1377 -0.00
1378 -0.00
1379 -0.00
1380 -0.00
1381 -0.00
1382 -0.00
1383 -0.00
1384 -0.00
1385 -0.00
1386 -0.00
1387 -0.00
1388 -0.00
1389 -0.00
1390 -0.00
1391 -0.00
1392 -0.00
1393 -0.00
1394 -0.00
1395 -0.00
1396 -0.00
1397 -0.00
1398 -0.00
1399 -0.00
1400 -0.00
1401 -0.00
1402 -0.00
1403 -0.00
1404 -0.00
1405 -0.00
1406 -0.00
1407 -0.00
1408 -0.00
1409 -0.00
1410 -0.00
1411 -0.00
1412 -0.00
1413 -0.00
1414 -0.00
1415 -0.00
1416 -0.00
1417 -0.00
1418 -0.00
1419 -0.00
1420 -0.00
1421 -0.00
1422 -0.00
1423 -0.00
1424 -0.00
1425 -0.00
1426 -0.00
1427 -0.00
1428 -0.00
1429 -0.00
1430 -0.00
1431 -0.00
1432 -0.00
1433 -0.00
1434 -0.00
1435 -0.00
1436 -0.00
1437 -0.00
1438 -0.00
1439 -0.00
1440 -0.00
1441 -0.00
1442 -0.00
1443 -0.00
1444 -0.00
1445 -0.00
1446 -0.00
1447 -0.00
1448 -0.00
1449 -0.00
1450 -0.00
1451 -0.00
1452 -0.00
1453 -0.00
1454 -0.00
1455 -0.00
1456 -0.00
1457 -0.00
1458 -0.00
1459 -0.01
1460 -0.01
1461 -0.01
1462 -0.01
1463 -0.01
1464 -0.01
1465 -0.02
1466 -0.02
1467 -0.02
1468 -0.02
1469 -0.02
1470 -0.03
1471 -0.03
1472 -0.03
1473 -0.03
1474 -0.04
1475 -0.04
1476 -0.04
1477 -0.05
1478 -0.05
1479 -0.06
1480 -0.06
1481 -0.06
1482 -0.07
1483 -0.07
1484 -0.07
1485 -0.08
1486 -0.08
1487 -0.09
1488 -0.09
1489 -0.09
1490 -0.10
1491 -0.10
1492 -0.11
1493 -0.11
1494 -0.12
1495 -0.12
1496 -0.13
1497 -0.13
1498 -0.14
1499 -0.14
1500 -0.15
1501 -0.15
1502 -0.16
1503 -0.17
1504 -0.17
1505 -0.18
1506 -0.19
1507 -0.19
1508 -0.20
1509 -0.19
1510 -0.19
1511 -0.18
1512 -0.16
1513 -0.14
1514 -0.13
1515 -0.13
1516 -0.13
1517 -0.15
1518 -0.17
1519 -0.19
1520 -0.21
1521 -0.22
1522 -0.23
1523 -0.21
1524 -0.19
1525 -0.15
1526 -0.10
1527 -0.07
1528 -0.04
1529 -0.03
1530 -0.04
1531 -0.06
1532 -0.09
1533 -0.13
1534 -0.16
1535 -0.19
1536 -0.21
1537 -0.22
1538 -0.21
1539 -0.19
1540 -0.17
1541 -0.14
1542 -0.11
1543 -0.08
1544 -0.07
1545 -0.08
1546 -0.10
1547 -0.14
1548 -0.17
1549 -0.21
1550 -0.24
1551 -0.26
1552 -0.27
1553 -0.26
1554 -0.25
1555 -0.22
1556 -0.20
1557 -0.16
1558 -0.14
1559 -0.12
1560 -0.13
1561 -0.14
1562 -0.17
1563 -0.21
1564 -0.25
1565 -0.29
1566 -0.32
1567 -0.35
1568 -0.37
1569 -0.38
1570 -0.37
1571 -0.35
1572 -0.33
1573 -0.30
1574 -0.27
1575 -0.24
1576 -0.22
1577 -0.19
1578 -0.16
1579 -0.14
1580 -0.11
1581 -0.09
1582 -0.07
1583 -0.05
1584 -0.03
1585 -0.02
1586 -0.00
1587 0.01
1588 0.02
1589 0.03
1590 0.04
1591 0.05
1592 0.06
1593 0.07
1594 0.08
1595 0.09
1596 0.10
1597 0.10
1598 0.10
1599 0.09
1600 0.08
1601 0.06
1602 0.04
1603 0.02
1604 -0.01
1605 -0.03
1606 -0.06
1607 -0.08
1608 -0.10
1609 -0.12
1610 -0.14
1611 -0.15
1612 -0.17
1613 -0.18
1614 -0.19
1615 -0.20
1616 -0.21
1617 -0.22
1618 -0.23
1619 -0.24
1620 -0.25
1621 -0.26
1622 -0.27
1623 -0.28
1624 -0.29
1625 -0.31
1626 -0.32
1627 -0.34
1628 -0.36
1629 -0.38
1630 -0.40
1631 -0.42
1632 -0.44
1633 -0.46
1634 -0.48
1635 -0.51
1636 -0.53
1637 -0.54
1638 -0.56
1639 -0.58
1640 -0.59
1641 -0.61
1642 -0.62
1643 -0.63
1644 -0.64
1645 -0.65
1646 -0.66
1647 -0.67
1648 -0.68
1649 -0.67
1650 -0.66
1651 -0.65
1652 -0.64
1653 -0.63
1654 -0.61
1655 -0.60
1656 -0.59
1657 -0.58
1658 -0.56
1659 -0.55
1660 -0.54
1661 -0.52
1662 -0.51
1663 -0.49
1664 -0.48
1665 -0.46
1666 -0.45
1667 -0.43
1668 -0.42
1669 -0.40
1670 -0.39
1671 -0.38
1672 -0.37
1673 -0.35
1674 -0.34
1675 -0.33
1676 -0.32
1677 -0.31
1678 -0.30
1679 -0.29
1680 -0.28
1681 -0.27
1682 -0.26
1683 -0.25
1684 -0.24
1685 -0.23
1686 -0.22
1687 -0.21
1688 -0.20
1689 -0.19
1690 -0.18
1691 -0.17
1692 -0.16
1693 -0.15
1694 -0.14
1695 -0.13
1696 -0.12
1697 -0.11
1698 -0.10
1699 -0.09
1700 -0.08
1701 -0.07
1702 -0.06
1703 -0.05
1704 -0.04
1705 -0.03
1706 -0.02
1707 -0.01