0.00 0.00
-0.01 0.00
-0.03 0.00
-0.05 0.00
-0.07 0.00
-0.09 0.00
-0.11 0.00
-0.13 0.00
-0.15 0.00
-0.17 0.00
-0.19 0.00
-0.20 0.15
-0.21 0.16
-0.22 0.17
-0.23 0.18
-0.25 0.18
-0.26 0.19
-0.27 0.20
-0.28 0.21
-0.29 0.22
-0.31 0.23
-0.33 0.25
-0.36 0.27
-0.39 0.29
-0.42 0.32
-0.46 0.35
-0.51 0.38
-0.56 0.42
-0.62 0.46
-0.67 0.50
-0.72 0.54
-0.76 0.57
-0.80 0.60
-0.83 0.62
-0.85 0.64
-0.86 0.65
-0.85 0.64
-0.83 0.62
-0.82 0.61
-0.81 0.60
-0.79 0.60
-0.78 0.59
-0.77 0.58
-0.75 0.56
-0.73 0.55
-0.72 0.54
-0.70 0.53
-0.68 0.51
-0.66 0.50
-0.64 0.48
-0.62 0.47
-0.60 0.45
-0.58 0.44
-0.56 0.42
-0.54 0.40
-0.52 0.39
-0.50 0.37
-0.48 0.36
-0.46 0.34
-0.44 0.33
-0.43 0.32
-0.41 0.31
-0.39 0.29
-0.38 0.28
-0.37 0.27
-0.35 0.27
-0.35 0.27
-0.37 0.27
-0.37 0.27
-0.37 0.27
-0.35 0.27
-0.34 0.26
-0.33 0.25
-0.32 0.24
-0.31 0.23
-0.30 0.22
-0.28 0.21
-0.27 0.20
-0.26 0.19
-0.25 0.18
-0.23 0.17
-0.22 0.16
-0.21 0.15
-0.20 0.00
-0.20 0.00
-0.21 0.15
-0.22 0.16
-0.23 0.17
-0.25 0.19
-0.27 0.20
-0.30 0.23
-0.33 0.25
-0.37 0.27
-0.39 0.30
-0.42 0.32
-0.45 0.34
-0.49 0.37
-0.55 0.41
-0.64 0.48
-0.73 0.55
-0.83 0.62
-0.91 0.69
-0.99 0.74
-1.05 0.79
-1.12 0.84
-1.17 0.88
-1.20 0.90
-1.22 0.92
-1.22 0.92
-1.21 0.91
-1.22 0.92
-1.22 0.92
-1.21 0.90
-1.18 0.89
-1.16 0.87
-1.13 0.85
-1.09 0.82
-1.06 0.79
-1.02 0.77
-0.99 0.75
-0.97 0.73
-0.95 0.71
-0.94 0.70
-0.92 0.69
-0.90 0.67
-0.87 0.65
-0.84 0.63
-0.81 0.61
-0.78 0.58
-0.75 0.56
-0.71 0.53
-0.68 0.51
-0.65 0.48
-0.61 0.46
-0.58 0.44
-0.55 0.41
-0.52 0.39
-0.49 0.37
-0.46 0.35
-0.44 0.33
-0.41 0.31
-0.39 0.29
-0.37 0.28
-0.35 0.26
-0.33 0.25
-0.31 0.23
-0.30 0.22
-0.28 0.21
-0.26 0.20
-0.25 0.19
-0.25 0.19
-0.26 0.20
-0.27 0.21
-0.29 0.21
-0.30 0.23
-0.33 0.24
-0.35 0.26
-0.37 0.28
-0.36 0.27
-0.35 0.26
-0.34 0.25
-0.32 0.24
-0.31 0.23
-0.30 0.22
-0.29 0.21
-0.27 0.20
-0.26 0.19
-0.24 0.18
-0.23 0.17
-0.22 0.16
-0.21 0.15
-0.20 0.00
-0.18 0.00
-0.16 0.00
-0.14 0.00
-0.12 0.00
-0.14 0.00
-0.16 0.00
-0.19 0.00
-0.24 0.18
-0.29 0.22
-0.34 0.26
-0.40 0.30
-0.46 0.34
-0.50 0.38
-0.55 0.41
-0.58 0.44
-0.62 0.47
-0.67 0.50
-0.73 0.55
-0.79 0.59
-0.87 0.65
-0.96 0.72
-1.07 0.80
-1.19 0.89
-1.31 0.98
-1.43 1.08
-1.55 1.16
-1.65 1.24
-1.74 1.30
-1.80 1.35
-1.85 1.39
-1.88 1.41
-1.90 1.43
-1.89 1.42
-1.87 1.41
-1.85 1.39
-1.82 1.36
-1.78 1.33
-1.74 1.30
-1.69 1.27
-1.64 1.23
-1.58 1.19
-1.52 1.14
-1.46 1.10
-1.40 1.05
-1.33 1.00
-1.27 0.95
-1.20 0.90
-1.14 0.85
-1.09 0.81
-1.02 0.77
-0.96 0.72
-0.90 0.68
-0.84 0.63
-0.79 0.59
-0.74 0.55
-0.69 0.52
-0.64 0.48
-0.59 0.45
-0.55 0.41
-0.51 0.38
-0.48 0.36
-0.44 0.33
-0.41 0.31
-0.38 0.28
-0.35 0.26
-0.32 0.24
-0.29 0.22
-0.27 0.20
-0.25 0.19
-0.23 0.17
-0.21 0.16
-0.19 0.00
-0.17 0.00
-0.15 0.00
-0.13 0.00
-0.11 0.00
-0.09 0.00
-0.07 0.00
-0.05 0.00
-0.03 0.00
-0.01 0.00
0.01 0.00
0.03 0.00
0.05 0.00
0.07 0.00
0.09 0.00
0.11 0.00
0.13 0.00
0.15 0.00
0.18 0.00
0.21 -0.16
0.24 -0.18
0.27 -0.20
0.29 -0.22
0.32 -0.24
0.34 -0.26
0.37 -0.28
0.40 -0.30
0.43 -0.32
0.47 -0.36
0.52 -0.39
0.57 -0.43
0.63 -0.47
0.68 -0.51
0.73 -0.55
0.78 -0.58
0.83 -0.62
0.89 -0.67
0.96 -0.72
1.04 -0.78
1.12 -0.84
1.20 -0.90
1.27 -0.95
1.32 -0.99
1.36 -1.02
1.38 -1.03
1.39 -1.05
1.38 -1.04
1.38 -1.03
1.36 -1.02
1.34 -1.01
1.32 -0.99
1.29 -0.97
1.27 -0.95
1.24 -0.93
1.22 -0.91
1.19 -0.90
1.17 -0.88
1.15 -0.86
1.12 -0.84
1.08 -0.81
1.05 -0.79
1.02 -0.77
0.99 -0.74
0.96 -0.72
0.93 -0.70
0.90 -0.67
0.87 -0.65
0.84 -0.63
0.82 -0.62
0.80 -0.60
0.78 -0.59
0.76 -0.57
0.74 -0.55
0.71 -0.53
0.68 -0.51
0.66 -0.49
0.63 -0.47
0.61 -0.46
0.59 -0.44
0.57 -0.43
0.56 -0.42
0.54 -0.41
0.53 -0.40
0.55 -0.41
0.64 -0.48
0.87 -0.66
1.29 -0.97
1.68 -1.26
1.99 -1.49
2.25 -1.69
2.45 -1.84
2.59 -1.94
2.68 -2.01
2.74 -2.05
2.73 -2.05
2.70 -2.02
2.64 -1.98
2.58 -1.93
2.51 -1.88
2.43 -1.82
2.34 -1.76
2.25 -1.69
2.16 -1.62
2.08 -1.56
1.98 -1.48
1.90 -1.42
1.82 -1.37
1.75 -1.31
1.67 -1.25
1.60 -1.20
1.53 -1.15
1.47 -1.10
1.40 -1.05
1.35 -1.01
1.30 -0.98
1.26 -0.95
1.22 -0.92
1.20 -0.90
1.23 -0.92
1.27 -0.95
1.34 -1.01
1.41 -1.06
1.49 -1.11
1.56 -1.17
1.63 -1.23
1.71 -1.29
1.80 -1.35
1.89 -1.41
1.97 -1.47
2.04 -1.53
2.09 -1.57
2.13 -1.60
2.14 -1.61
2.13 -1.60
2.11 -1.58
2.08 -1.56
2.06 -1.54
2.02 -1.52
1.98 -1.49
1.94 -1.45
1.89 -1.42
1.84 -1.38
1.79 -1.34
1.74 -1.31
1.70 -1.27
1.67 -1.25
1.68 -1.26
1.75 -1.31
1.92 -1.44
2.17 -1.63
2.47 -1.85
2.74 -2.06
2.97 -2.22
3.13 -2.35
3.25 -2.44
3.32 -2.49
3.35 -2.52
3.35 -2.51
3.32 -2.49
3.27 -2.45
3.21 -2.40
3.12 -2.34
3.03 -2.27
2.93 -2.20
2.83 -2.12
2.72 -2.04
2.61 -1.96
2.50 -1.88
2.40 -1.80
2.29 -1.72
2.19 -1.64
2.09 -1.57
1.99 -1.49
1.90 -1.42
1.81 -1.36
1.73 -1.30
1.65 -1.24
1.58 -1.19
1.52 -1.14
1.46 -1.09
1.40 -1.05
1.36 -1.02
1.33 -1.00
1.30 -0.98
1.28 -0.96
1.26 -0.95
1.28 -0.96
1.30 -0.98
1.33 -1.00
1.36 -1.02
1.39 -1.04
1.43 -1.07
1.48 -1.11
1.53 -1.15
1.59 -1.19
1.65 -1.24
1.71 -1.28
1.76 -1.32
1.79 -1.35
1.82 -1.36
1.83 -1.37
1.81 -1.36
1.79 -1.34
1.76 -1.32
1.73 -1.30
1.69 -1.27
1.65 -1.24
1.60 -1.20
1.55 -1.16
1.50 -1.13
1.45 -1.09
1.40 -1.05
1.34 -1.01
1.29 -0.97
1.23 -0.93
1.18 -0.88
1.12 -0.84
1.06 -0.80
1.01 -0.76
0.95 -0.71
0.89 -0.67
0.83 -0.62
0.77 -0.58
0.71 -0.53
0.64 -0.48
0.58 -0.43
0.51 -0.38
0.44 -0.33
0.36 -0.27
0.29 -0.22
0.21 -0.16
0.14 0.00
0.06 0.00
-0.02 0.00
-0.10 0.00
-0.18 0.00
-0.27 0.20
-0.37 0.28
-0.47 0.35
-0.59 0.44
-0.72 0.54
-0.86 0.65
-1.01 0.75
-1.14 0.86
-1.26 0.95
-1.37 1.03
-1.46 1.10
-1.53 1.15
-1.58 1.19
-1.62 1.22
-1.65 1.24
-1.66 1.25
-1.67 1.26
-1.66 1.25
-1.65 1.24
-1.63 1.22
-1.60 1.20
-1.56 1.17
-1.53 1.15
-1.49 1.12
-1.44 1.08
-1.40 1.05
-1.36 1.02
-1.32 0.99
-1.28 0.96
-1.24 0.93
-1.21 0.91
-1.18 0.88
-1.16 0.87
-1.14 0.86
-1.15 0.86
-1.21 0.91
-1.41 1.06
-1.72 1.29
-2.05 1.54
-2.36 1.77
-2.61 1.96
-2.80 2.10
-2.94 2.21
-3.03 2.27
-3.07 2.31
-3.09 2.31
-3.07 2.30
-3.03 2.27
-2.97 2.23
-2.90 2.18
-2.82 2.12
-2.74 2.05
-2.64 1.98
-2.55 1.91
-2.45 1.84
-2.36 1.77
-2.26 1.70
-2.17 1.63
-2.08 1.56
-1.98 1.49
-1.90 1.42
-1.81 1.36
-1.72 1.29
-1.64 1.23
-1.57 1.17
-1.50 1.12
-1.43 1.07
-1.37 1.03
-1.32 0.99
-1.27 0.95
-1.24 0.93
-1.21 0.91
-1.19 0.90
-1.18 0.89
-1.17 0.88
-1.17 0.88
-1.19 0.89
-1.21 0.91
-1.24 0.93
-1.29 0.97
-1.36 1.02
-1.44 1.08
-1.52 1.14
-1.61 1.20
-1.68 1.26
-1.74 1.30
-1.78 1.34
-1.81 1.36
-1.83 1.37
-1.84 1.38
-1.83 1.37
-1.82 1.36
-1.80 1.35
-1.78 1.34
-1.76 1.32
-1.74 1.30
-1.71 1.28
-1.68 1.26
-1.64 1.23
-1.60 1.20
-1.55 1.16
-1.49 1.12
-1.44 1.08
-1.38 1.04
-1.33 1.00
-1.28 0.96
-1.23 0.92
-1.18 0.89
-1.14 0.85
-1.10 0.83
-1.06 0.79
-1.02 0.76
-0.98 0.73
-0.94 0.71
-0.90 0.68
-0.87 0.65
-0.84 0.63
-0.81 0.60
-0.78 0.59
-0.76 0.57
-0.74 0.56
-0.73 0.54
-0.75 0.56
-0.84 0.63
-1.03 0.77
-1.31 0.98
-1.62 1.21
-1.91 1.43
-2.16 1.62
-2.37 1.77
-2.52 1.89
-2.63 1.98
-2.71 2.03
-2.75 2.06
-2.75 2.06
-2.72 2.04
-2.68 2.01
-2.62 1.97
-2.55 1.91
-2.48 1.86
-2.40 1.80
-2.32 1.74
-2.24 1.68
-2.15 1.61
-2.08 1.56
-1.99 1.49
-1.91 1.43
-1.83 1.37
-1.75 1.31
-1.67 1.25
-1.60 1.20
-1.53 1.15
-1.47 1.10
-1.42 1.06
-1.37 1.02
-1.32 0.99
-1.29 0.97
-1.27 0.95
-1.25 0.94
-1.23 0.92
-1.21 0.91
-1.19 0.90
-1.19 0.90
-1.21 0.90
-1.23 0.92
-1.26 0.94
-1.29 0.97
-1.34 1.01
-1.39 1.05
-1.45 1.09
-1.51 1.14
-1.57 1.18
-1.62 1.22
-1.67 1.25
-1.70 1.28
-1.73 1.29
-1.74 1.31
-1.75 1.32
-1.74 1.30
-1.72 1.29
-1.70 1.27
-1.67 1.25
-1.64 1.23
-1.60 1.20
-1.57 1.18
-1.53 1.14
-1.48 1.11
-1.44 1.08
-1.39 1.04
-1.34 1.00
-1.28 0.96
-1.23 0.92
-1.18 0.89
-1.14 0.85
-1.09 0.81
-1.04 0.78
-0.98 0.74
-0.93 0.70
-0.89 0.66
-0.84 0.63
-0.79 0.59
-0.74 0.56
-0.70 0.52
-0.65 0.49
-0.61 0.46
-0.57 0.43
-0.52 0.39
-0.48 0.36
-0.44 0.33
-0.40 0.30
-0.36 0.27
-0.32 0.24
-0.28 0.21
-0.24 0.18
-0.21 0.15
-0.17 0.00
-0.13 0.00
-0.09 0.00
-0.05 0.00
-0.00 0.00
0.05 0.00
0.10 0.00
0.15 0.00
0.21 -0.16
0.27 -0.20
0.33 -0.25
0.40 -0.30
0.47 -0.35
0.55 -0.41
0.63 -0.47
0.71 -0.53
0.79 -0.59
0.88 -0.66
0.98 -0.74
1.09 -0.82
1.21 -0.91
1.32 -0.99
1.43 -1.07
1.52 -1.14
1.59 -1.19
1.64 -1.23
1.68 -1.26
1.70 -1.27
1.71 -1.28
1.70 -1.27
1.69 -1.26
1.67 -1.25
1.65 -1.24
1.62 -1.22
1.59 -1.19
1.56 -1.17
1.52 -1.14
1.47 -1.11
1.43 -1.07
1.39 -1.04
1.35 -1.01
1.32 -0.99
1.29 -0.97
1.29 -0.97
1.32 -0.99
1.39 -1.04
1.51 -1.14
1.68 -1.26
1.91 -1.44
2.19 -1.64
2.45 -1.84
2.68 -2.01
2.84 -2.13
2.96 -2.22
3.04 -2.28
3.08 -2.31
3.08 -2.31
3.05 -2.29
3.00 -2.25
2.93 -2.20
2.85 -2.14
2.77 -2.08
2.68 -2.01
2.59 -1.94
2.49 -1.87
2.40 -1.80
2.31 -1.73
2.23 -1.67
2.12 -1.59
2.04 -1.53
1.96 -1.47
1.88 -1.41
1.80 -1.35
1.73 -1.30
1.66 -1.25
1.60 -1.20
1.56 -1.17
1.52 -1.14
1.50 -1.13
1.52 -1.14
1.55 -1.16
1.58 -1.19
1.61 -1.21
1.65 -1.23
1.68 -1.26
1.72 -1.29
1.78 -1.34
1.85 -1.39
1.92 -1.44
2.00 -1.50
2.06 -1.55
2.10 -1.58
2.13 -1.60
2.14 -1.60
2.12 -1.59
2.08 -1.56
2.05 -1.54
2.02 -1.52
1.99 -1.49
1.96 -1.47
1.92 -1.44
1.88 -1.41
1.83 -1.37
1.78 -1.33
1.72 -1.29
1.67 -1.25
1.62 -1.22
1.58 -1.18
1.55 -1.16
1.73 -1.30
2.46 -1.85
3.14 -2.35
3.76 -2.82
4.29 -3.22
4.73 -3.55
5.07 -3.80
5.30 -3.98
5.47 -4.10
5.57 -4.17
5.62 -4.22
5.63 -4.22
5.59 -4.19
5.51 -4.13
5.41 -4.06
5.28 -3.96
5.13 -3.84
4.96 -3.72
4.78 -3.58
4.59 -3.44
4.39 -3.30
4.20 -3.15
4.00 -3.00
3.81 -2.86
3.62 -2.71
3.43 -2.57
3.25 -2.44
3.08 -2.31
2.91 -2.18
2.75 -2.06
2.60 -1.95
2.46 -1.84
2.32 -1.74
2.18 -1.64
2.07 -1.55
1.96 -1.47
1.86 -1.40
1.77 -1.32
1.68 -1.26
1.59 -1.20
1.52 -1.14
1.45 -1.09
1.39 -1.04
1.35 -1.02
1.31 -0.98
1.27 -0.95
1.24 -0.93
1.22 -0.91
1.20 -0.90
1.19 -0.89
1.18 -0.89
1.19 -0.90
1.21 -0.91
1.23 -0.93
1.26 -0.95
1.30 -0.98
1.34 -1.01
1.40 -1.05
1.46 -1.10
1.54 -1.15
1.62 -1.21
1.69 -1.27
1.75 -1.31
1.80 -1.35
1.84 -1.38
1.86 -1.39
1.87 -1.40
1.86 -1.39
1.84 -1.38
1.81 -1.36
1.78 -1.34
1.75 -1.31
1.71 -1.28
1.67 -1.25
1.63 -1.22
1.58 -1.18
1.53 -1.15
1.48 -1.11
1.43 -1.07
1.38 -1.03
1.32 -0.99
1.26 -0.94
1.20 -0.90
1.14 -0.85
1.08 -0.81
1.01 -0.76
0.95 -0.72
0.90 -0.67
0.84 -0.63
0.79 -0.59
0.74 -0.55
0.69 -0.52
0.64 -0.48
0.59 -0.44
0.54 -0.40
0.49 -0.37
0.44 -0.33
0.39 -0.29
0.35 -0.26
0.30 -0.22
0.25 -0.19
0.20 0.00
0.14 0.00
0.08 0.00
0.03 0.00
-0.04 0.00
-0.10 0.00
-0.17 0.00
-0.24 0.18
-0.32 0.24
-0.40 0.30
-0.48 0.36
-0.57 0.43
-0.68 0.51
-0.80 0.60
-0.94 0.70
-1.08 0.81
-1.24 0.93
-1.37 1.03
-1.49 1.12
-1.59 1.19
-1.67 1.25
-1.73 1.30
-1.78 1.33
-1.81 1.35
-1.83 1.37
-1.84 1.38
-1.83 1.37
-1.81 1.36
-1.78 1.34
-1.75 1.31
-1.71 1.28
-1.67 1.25
-1.63 1.22
-1.58 1.19
-1.54 1.16
-1.50 1.13
-1.47 1.10
-1.44 1.08
-1.44 1.08
-1.59 1.19
-1.89 1.42
-2.25 1.69
-2.58 1.94
-2.85 2.14
-3.06 2.29
-3.21 2.40
-3.30 2.47
-3.35 2.51
-3.35 2.52
-3.33 2.49
-3.28 2.46
-3.21 2.41
-3.14 2.36
-3.06 2.30
-2.98 2.23
-2.89 2.16
-2.80 2.10
-2.70 2.03
-2.62 1.96
-2.53 1.90
-2.46 1.84
-2.39 1.80
-2.34 1.76
-2.31 1.73
-2.29 1.72
-2.29 1.72
-2.33 1.75
-2.38 1.78
-2.43 1.82
-2.48 1.86
-2.53 1.90
-2.57 1.93
-2.60 1.95
-2.61 1.96
-2.59 1.94
-2.57 1.93
-2.53 1.90
-2.50 1.87
-2.45 1.84
-2.40 1.80
-2.34 1.76
-2.28 1.71
-2.22 1.66
-2.15 1.61
-2.08 1.56
-2.01 1.51
-1.93 1.45
-1.86 1.39
-1.79 1.34
-1.72 1.29
-1.66 1.24
-1.60 1.20
-1.54 1.15
-1.49 1.11
-1.44 1.08
-1.40 1.05
-1.37 1.03
-1.41 1.06
-1.61 1.21
-1.91 1.44
-2.24 1.68
-2.54 1.91
-2.78 2.08
-2.96 2.22
-3.08 2.31
-3.16 2.37
-3.20 2.40
-3.20 2.40
-3.17 2.38
-3.12 2.34
-3.06 2.29
-2.98 2.24
-2.90 2.18
-2.82 2.11
-2.73 2.04
-2.63 1.97
-2.54 1.90
-2.44 1.83
-2.35 1.76
-2.26 1.70
-2.19 1.64
-2.11 1.58
-2.04 1.53
-1.99 1.49
-1.94 1.46
-1.91 1.43
-1.88 1.41
-1.86 1.39
-1.84 1.38
-1.85 1.39
-1.87 1.40
-1.91 1.43
-1.95 1.47
-2.01 1.51
-2.07 1.55
-2.13 1.59
-2.17 1.63
-2.21 1.66
-2.23 1.67
-2.21 1.66
-2.19 1.64
-2.18 1.64
-2.15 1.61
-2.11 1.58
-2.07 1.55
-2.02 1.51
-1.96 1.47
-1.90 1.43
-1.84 1.38
-1.78 1.33
-1.71 1.28
-1.65 1.23
-1.58 1.19
-1.52 1.14
-1.46 1.09
-1.40 1.05
-1.34 1.00
-1.27 0.95
-1.22 0.91
-1.17 0.88
-1.12 0.84
-1.07 0.80
-1.02 0.77
-0.98 0.73
-0.93 0.70
-0.89 0.67
-0.85 0.64
-0.81 0.61
-0.77 0.58
-0.74 0.55
-0.70 0.53
-0.67 0.50
-0.64 0.48
-0.60 0.45
-0.57 0.43
-0.54 0.41
-0.51 0.38
-0.48 0.36
-0.45 0.34
-0.43 0.32
-0.40 0.30
-0.37 0.28
-0.34 0.26
-0.31 0.23
-0.29 0.21
-0.26 0.19
-0.23 0.17
-0.21 0.15
-0.18 0.00
-0.16 0.00
-0.13 0.00
-0.11 0.00
-0.09 0.00
-0.07 0.00
-0.05 0.00
-0.03 0.00
-0.01 0.00
0.01 0.00
0.03 0.00
0.05 0.00
0.07 0.00
0.09 0.00
0.11 0.00
0.13 0.00
0.15 0.00
0.17 0.00
0.19 0.00
0.20 -0.15
0.22 -0.16
0.23 -0.17
0.25 -0.19
0.27 -0.20
0.29 -0.22
0.31 -0.23
0.33 -0.25
0.35 -0.26
0.38 -0.28
0.41 -0.31
0.46 -0.34
0.51 -0.38
0.56 -0.42
0.62 -0.46
0.68 -0.51
0.73 -0.55
0.79 -0.59
0.85 -0.64
0.91 -0.68
0.97 -0.73
1.04 -0.78
1.12 -0.84
1.22 -0.91
1.31 -0.99
1.41 -1.06
1.50 -1.13
1.58 -1.19
1.64 -1.23
1.68 -1.26
1.71 -1.28
1.71 -1.29
1.70 -1.28
1.68 -1.26
1.65 -1.24
1.63 -1.22
1.61 -1.20
1.58 -1.18
1.54 -1.16
1.51 -1.13
1.47 -1.10
1.43 -1.07
1.38 -1.04
1.34 -1.00
1.29 -0.97
1.25 -0.94
1.21 -0.91
1.18 -0.88
1.15 -0.86
1.17 -0.88
1.23 -0.92
1.36 -1.02
1.54 -1.15
1.72 -1.29
1.90 -1.42
2.09 -1.57
2.30 -1.73
2.51 -1.88
2.69 -2.02
2.81 -2.11
2.91 -2.18
2.97 -2.23
3.00 -2.25
2.98 -2.24
2.95 -2.21
2.89 -2.17
2.82 -2.12
2.74 -2.06
2.66 -1.99
2.57 -1.92
2.47 -1.85
2.38 -1.78
2.29 -1.72
2.20 -1.65
2.12 -1.59
2.04 -1.53
1.95 -1.46
1.88 -1.41
1.80 -1.35
1.73 -1.30
1.66 -1.25
1.60 -1.20
1.54 -1.15
1.48 -1.11
1.44 -1.08
1.40 -1.05
1.38 -1.04
1.36 -1.02
1.38 -1.04
1.41 -1.06
1.43 -1.07
1.45 -1.09
1.48 -1.11
1.52 -1.14
1.57 -1.17
1.63 -1.22
1.69 -1.27
1.76 -1.32
1.82 -1.36
1.86 -1.40
1.89 -1.42
1.91 -1.43
1.90 -1.42
1.88 -1.41
1.85 -1.39
1.81 -1.36
1.78 -1.33
1.74 -1.30
1.70 -1.28
1.67 -1.25
1.63 -1.22
1.60 -1.20
1.56 -1.17
1.52 -1.14
1.48 -1.11
1.43 -1.07
1.39 -1.04
1.34 -1.00
1.30 -0.97
1.25 -0.93
1.20 -0.90
1.15 -0.86
1.11 -0.83
1.07 -0.80
1.03 -0.78
1.01 -0.76
1.01 -0.76
1.03 -0.78
1.07 -0.80
1.14 -0.86
1.25 -0.93
1.38 -1.03
1.56 -1.17
1.78 -1.34
2.03 -1.53
2.25 -1.69
2.44 -1.83
2.59 -1.94
2.69 -2.02
2.75 -2.06
2.78 -2.09
2.78 -2.08
2.74 -2.06
2.69 -2.02
2.62 -1.97
2.55 -1.91
2.47 -1.85
2.39 -1.79
2.30 -1.72
2.20 -1.65
2.11 -1.58
2.02 -1.51
1.92 -1.44
1.83 -1.37
1.73 -1.30
1.64 -1.23
1.55 -1.17
1.47 -1.10
1.39 -1.04
1.31 -0.98
1.23 -0.93
1.16 -0.87
1.10 -0.82
1.03 -0.77
0.97 -0.73
0.92 -0.69
0.87 -0.65
0.82 -0.62
0.78 -0.58
0.73 -0.55
0.69 -0.52
0.66 -0.49
0.62 -0.47
0.59 -0.44
0.56 -0.42
0.53 -0.40
0.50 -0.38
0.48 -0.36
0.45 -0.34
0.43 -0.32
0.41 -0.31
0.39 -0.29
0.37 -0.28
0.35 -0.27
0.34 -0.26
0.32 -0.24
0.30 -0.23
0.29 -0.22
0.28 -0.21
0.26 -0.20
0.25 -0.19
0.24 -0.18
0.23 -0.17
0.22 -0.16
0.21 -0.15
0.21 -0.15
0.21 -0.15
0.22 -0.16
0.23 -0.17
0.24 -0.18
0.26 -0.19
0.27 -0.20
0.29 -0.22
0.30 -0.23
0.31 -0.24
0.31 -0.24
0.30 -0.23
0.29 -0.22
0.27 -0.21
0.26 -0.20
0.25 -0.19
0.23 -0.17
0.22 -0.16
0.20 -0.15
0.18 0.00
0.16 0.00
0.14 0.00
0.12 0.00
0.10 0.00
0.08 0.00
0.06 0.00
0.04 0.00
0.02 0.00
0.00 0.00
-0.02 0.00
-0.04 0.00
-0.06 0.00
-0.08 0.00
-0.10 0.00
-0.12 0.00
-0.14 0.00
-0.16 0.00
-0.18 0.00
-0.20 0.00
-0.21 0.16
-0.23 0.17
-0.25 0.19
-0.27 0.20
-0.29 0.22
-0.31 0.23
-0.33 0.25
-0.34 0.26
-0.35 0.27
-0.37 0.27
-0.38 0.28
-0.37 0.27
-0.35 0.27
-0.34 0.26
-0.33 0.25
-0.32 0.24
-0.30 0.23
-0.29 0.22
-0.27 0.20
-0.26 0.19
-0.24 0.18
-0.23 0.17
-0.22 0.16
-0.21 0.15
-0.20 0.00
-0.18 0.00
-0.16 0.00
-0.14 0.00
-0.14 0.00
-0.16 0.00
-0.18 0.00
-0.20 0.00
-0.21 0.15
-0.22 0.16
-0.23 0.17
-0.25 0.19
-0.28 0.21
-0.30 0.22
-0.34 0.25
-0.39 0.29
-0.48 0.36
-0.59 0.44
-0.73 0.55
-0.88 0.66
-1.02 0.76
-1.15 0.86
-1.27 0.96
-1.38 1.04
-1.48 1.11
-1.56 1.17
-1.64 1.23
-1.71 1.28
-1.77 1.33
-1.81 1.36
-1.84 1.38
-1.87 1.40
-1.89 1.41
-1.88 1.41
-1.86 1.40
-1.83 1.38
-1.80 1.35
-1.76 1.32
-1.71 1.29
-1.66 1.25
-1.61 1.21
-1.55 1.17
-1.50 1.12
-1.44 1.08
-1.38 1.03
-1.32 0.99
-1.26 0.94
-1.20 0.90
-1.15 0.86
-1.09 0.82
-1.03 0.78
-0.98 0.74
-0.93 0.70
-0.88 0.66
-0.83 0.63
-0.79 0.59
-0.75 0.56
-0.71 0.53
-0.68 0.51
-0.65 0.49
-0.62 0.46
-0.59 0.44
-0.57 0.43
-0.54 0.41
-0.52 0.39
-0.50 0.38
-0.48 0.36
-0.46 0.35
-0.44 0.33
-0.43 0.32
-0.41 0.31
-0.40 0.30
-0.38 0.28
-0.37 0.27
-0.35 0.26
-0.34 0.25
-0.34 0.25
-0.35 0.26
-0.37 0.28
-0.39 0.29
-0.41 0.31
-0.43 0.32
-0.45 0.34
-0.46 0.35
-0.48 0.36
-0.49 0.37
-0.50 0.38
-0.52 0.39
-0.54 0.41
-0.56 0.42
-0.59 0.44
-0.61 0.46
-0.63 0.47
-0.65 0.49
-0.67 0.50
-0.69 0.51
-0.71 0.53
-0.73 0.55
-0.76 0.57
-0.80 0.60
-0.85 0.63
-0.90 0.68
-0.96 0.72
-1.02 0.77
-1.08 0.81
-1.13 0.85
-1.17 0.88
-1.20 0.90
-1.22 0.92
-1.22 0.92
-1.22 0.92
-1.21 0.91
-1.20 0.90
-1.19 0.89
-1.17 0.88
-1.15 0.86
-1.13 0.85
-1.12 0.84
-1.11 0.83
-1.09 0.82
-1.07 0.81
-1.06 0.80
-1.04 0.78
-1.02 0.77
-1.00 0.75
-0.97 0.73
-0.94 0.71
-0.91 0.68
-0.88 0.66
-0.85 0.64
-0.82 0.62
-0.80 0.60
-0.77 0.58
-0.74 0.56
-0.72 0.54
-0.69 0.52
-0.66 0.50
-0.64 0.48
-0.62 0.46
-0.60 0.45
-0.58 0.43
-0.56 0.42
-0.54 0.41
-0.52 0.39
-0.50 0.38
-0.49 0.37
-0.47 0.35
-0.46 0.34
-0.44 0.33
-0.42 0.32
-0.41 0.31
-0.42 0.32
-0.43 0.33
-0.46 0.34
-0.51 0.38
-0.61 0.46
-0.79 0.59
-1.00 0.75
-1.24 0.93
-1.48 1.11
-1.70 1.27
-1.88 1.41
-2.02 1.51
-2.13 1.59
-2.20 1.65
-2.26 1.69
-2.29 1.72
-2.32 1.74
-2.33 1.75
-2.31 1.73
-2.28 1.71
-2.24 1.68
-2.19 1.64
-2.13 1.60
-2.08 1.56
-2.01 1.51
-1.94 1.45
-1.86 1.40
-1.78 1.34
-1.71 1.28
-1.63 1.22
-1.55 1.16
-1.48 1.11
-1.41 1.05
-1.33 1.00
-1.26 0.95
-1.20 0.90
-1.14 0.85
-1.08 0.81
-1.03 0.77
-0.98 0.73
-0.93 0.70
-0.88 0.66
-0.84 0.63
-0.80 0.60
-0.77 0.57
-0.73 0.55
-0.70 0.53
-0.67 0.50
-0.65 0.49
-0.62 0.47
-0.60 0.45
-0.58 0.44
-0.57 0.42
-0.55 0.41
-0.54 0.40
-0.52 0.39
-0.52 0.39
-0.53 0.40
-0.55 0.41
-0.57 0.43
-0.59 0.44
-0.61 0.45
-0.62 0.47
-0.64 0.48
-0.66 0.49
-0.68 0.51
-0.71 0.53
-0.74 0.55
-0.77 0.58
-0.81 0.61
-0.85 0.64
-0.89 0.67
-0.94 0.70
-0.99 0.75
-1.06 0.79
-1.13 0.85
-1.20 0.90
-1.27 0.95
-1.32 0.99
-1.37 1.03
-1.41 1.06
-1.44 1.08
-1.46 1.10
-1.49 1.11
-1.50 1.13
-1.52 1.14
-1.51 1.13
-1.50 1.12
-1.48 1.11
-1.46 1.09
-1.44 1.08
-1.41 1.06
-1.38 1.04
-1.34 1.00
-1.30 0.98
-1.26 0.95
-1.22 0.92
-1.18 0.89
-1.14 0.86
-1.11 0.83
-1.07 0.80
-1.03 0.77
-0.98 0.74
-0.94 0.71
-0.90 0.68
-0.86 0.65
-0.82 0.62
-0.79 0.59
-0.75 0.56
-0.72 0.54
-0.69 0.51
-0.65 0.49
-0.62 0.47
-0.59 0.44
-0.56 0.42
-0.53 0.40
-0.51 0.38
-0.48 0.36
-0.45 0.34
-0.42 0.32
-0.40 0.30
-0.37 0.28
-0.35 0.26
-0.32 0.24
-0.30 0.23
-0.28 0.21
-0.26 0.19
-0.23 0.18
-0.21 0.16
-0.19 0.00
-0.16 0.00
-0.14 0.00
-0.12 0.00
-0.09 0.00
-0.07 0.00
-0.05 0.00
-0.02 0.00
0.00 0.00
0.02 0.00
0.05 0.00
0.07 0.00
0.09 0.00
0.11 0.00
0.14 0.00
0.16 0.00
0.19 0.00
0.22 -0.16
0.25 -0.19
0.30 -0.23
0.35 -0.27
0.41 -0.31
0.48 -0.36
0.55 -0.41
0.63 -0.47
0.71 -0.53
0.80 -0.60
0.89 -0.67
0.98 -0.73
1.07 -0.81
1.18 -0.88
1.29 -0.97
1.41 -1.06
1.53 -1.15
1.63 -1.23
1.72 -1.29
1.79 -1.34
1.83 -1.38
1.86 -1.40
1.87 -1.41
1.87 -1.40
1.85 -1.39
1.83 -1.37
1.81 -1.36
1.78 -1.34
1.76 -1.32
1.72 -1.29
1.69 -1.27
1.65 -1.24
1.60 -1.20
1.56 -1.17
1.51 -1.13
1.46 -1.09
1.41 -1.06
1.36 -1.02
1.32 -0.99
1.30 -0.97
1.28 -0.96
1.27 -0.95
1.29 -0.97
1.34 -1.01
1.44 -1.08
1.57 -1.18
1.76 -1.32
2.02 -1.52
2.30 -1.72
2.54 -1.91
2.74 -2.06
2.89 -2.17
2.99 -2.24
3.05 -2.29
3.07 -2.31
3.07 -2.30
3.04 -2.28
2.98 -2.24
2.92 -2.19
2.84 -2.13
2.75 -2.07
2.66 -2.00
2.57 -1.92
2.47 -1.85
2.37 -1.77
2.27 -1.70
2.17 -1.63
2.08 -1.56
1.99 -1.49
1.90 -1.43
1.82 -1.37
1.75 -1.31
1.67 -1.25
1.60 -1.20
1.53 -1.14
1.46 -1.10
1.40 -1.05
1.34 -1.01
1.29 -0.97
1.26 -0.95
1.24 -0.93
1.22 -0.91
1.21 -0.90
1.22 -0.91
1.23 -0.93
1.26 -0.94
1.29 -0.96
1.32 -0.99
1.35 -1.01
1.39 -1.04
1.44 -1.08
1.50 -1.12
1.56 -1.17
1.63 -1.22
1.70 -1.28
1.77 -1.33
1.83 -1.37
1.87 -1.40
1.89 -1.42
1.90 -1.43
1.89 -1.42
1.87 -1.40
1.84 -1.38
1.81 -1.36
1.78 -1.34
1.75 -1.31
1.72 -1.29
1.69 -1.26
1.65 -1.24
1.61 -1.21
1.57 -1.18
1.52 -1.14
1.47 -1.11
1.42 -1.07
1.38 -1.04
1.33 -1.00
1.28 -0.96
1.23 -0.92
1.19 -0.89
1.15 -0.86
1.11 -0.83
1.09 -0.82
1.09 -0.82
1.12 -0.84
1.18 -0.88
1.27 -0.95
1.41 -1.06
1.62 -1.21
1.88 -1.41
2.16 -1.62
2.40 -1.80
2.60 -1.95
2.75 -2.06
2.85 -2.14
2.91 -2.18
2.93 -2.20
2.90 -2.17
2.85 -2.14
2.79 -2.09
2.72 -2.04
2.63 -1.98
2.55 -1.91
2.45 -1.84
2.36 -1.77
2.27 -1.70
2.17 -1.63
2.07 -1.55
1.97 -1.48
1.88 -1.41
1.79 -1.34
1.70 -1.28
1.62 -1.21
1.54 -1.16
1.47 -1.10
1.40 -1.05
1.33 -1.00
1.26 -0.95
1.20 -0.90
1.14 -0.86
1.09 -0.81
1.03 -0.77
0.98 -0.74
0.94 -0.71
0.90 -0.68
0.87 -0.65
0.84 -0.63
0.81 -0.61
0.78 -0.59
0.76 -0.57
0.75 -0.56
0.76 -0.57
0.78 -0.58
0.79 -0.59
0.81 -0.60
0.82 -0.62
0.85 -0.64
0.88 -0.66
0.91 -0.68
0.94 -0.70
0.97 -0.73
0.99 -0.74
1.01 -0.76
1.03 -0.77
1.04 -0.78
1.05 -0.79
1.06 -0.80
1.07 -0.81
1.07 -0.80
1.05 -0.79
1.02 -0.77
0.99 -0.74
0.95 -0.71
0.90 -0.67
0.84 -0.63
0.77 -0.58
0.69 -0.52
0.60 -0.45
0.51 -0.38
0.41 -0.31
0.31 -0.24
0.21 -0.16
0.11 0.00
0.02 0.00
-0.08 0.00
-0.17 0.00
-0.25 0.19
-0.33 0.25
-0.40 0.30
-0.47 0.35
-0.53 0.40
-0.59 0.44
-0.64 0.48
-0.70 0.52
-0.74 0.56
-0.79 0.59
-0.83 0.62
-0.86 0.65
-0.89 0.67
-0.91 0.68
-0.92 0.69
-0.93 0.70
-0.92 0.69
-0.90 0.68
-0.88 0.66
-0.86 0.65
-0.85 0.64
-0.84 0.63
-0.83 0.62
-0.81 0.61
-0.79 0.59
-0.79 0.59
-0.82 0.62
-0.96 0.72
-1.23 0.93
-1.57 1.18
-1.92 1.44
-2.22 1.67
-2.47 1.85
-2.65 1.99
-2.78 2.09
-2.87 2.15
-2.91 2.18
-2.91 2.18
-2.87 2.15
-2.82 2.11
-2.75 2.07
-2.68 2.01
-2.59 1.95
-2.51 1.88
-2.42 1.81
-2.32 1.74
-2.23 1.67
-2.15 1.62
-2.06 1.54
-1.97 1.48
-1.88 1.41
-1.79 1.34
-1.70 1.28
-1.62 1.21
-1.54 1.15
-1.46 1.10
-1.39 1.04
-1.32 0.99
-1.26 0.94
-1.20 0.90
-1.15 0.86
-1.11 0.83
-1.06 0.80
-1.03 0.77
-1.00 0.75
-0.97 0.73
-0.95 0.72
-0.94 0.71
-0.93 0.70
-0.94 0.71
-0.96 0.72
-0.98 0.73
-0.99 0.75
-1.02 0.76
-1.05 0.79
-1.10 0.82
-1.15 0.87
-1.22 0.91
-1.29 0.97
-1.36 1.02
-1.42 1.07
-1.48 1.11
-1.52 1.14
-1.54 1.16
-1.56 1.17
-1.54 1.16
-1.52 1.14
-1.52 1.14
-1.50 1.13
-1.48 1.11
-1.46 1.10
-1.44 1.08
-1.41 1.06
-1.38 1.04
-1.35 1.01
-1.31 0.98
-1.27 0.95
-1.22 0.92
-1.18 0.88
-1.14 0.85
-1.09 0.82
-1.06 0.79
-1.02 0.76
-0.98 0.73
-0.94 0.70
-0.90 0.68
-0.87 0.65
-0.83 0.62
-0.80 0.60
-0.77 0.58
-0.74 0.56
-0.72 0.54
-0.69 0.52
-0.67 0.50
-0.65 0.49
-0.63 0.47
-0.61 0.46
-0.59 0.44
-0.57 0.43
-0.56 0.42
-0.54 0.41
-0.56 0.42
-0.60 0.45
-0.70 0.53
-0.91 0.69
-1.19 0.89
-1.50 1.12
-1.78 1.34
-2.04 1.53
-2.25 1.69
-2.42 1.82
-2.54 1.90
-2.62 1.96
-2.66 2.00
-2.68 2.01
-2.65 1.99
-2.61 1.96
-2.56 1.92
-2.50 1.87
-2.43 1.82
-2.35 1.76
-2.27 1.70
-2.19 1.64
-2.10 1.58
-2.02 1.51
-1.93 1.45
-1.85 1.39
-1.77 1.33
-1.69 1.27
-1.61 1.21
-1.54 1.15
-1.47 1.10
-1.40 1.05
-1.34 1.00
-1.28 0.96
-1.22 0.91
-1.17 0.88
-1.13 0.85
-1.08 0.81
-1.04 0.78
-1.01 0.76
-0.98 0.74
-0.97 0.73
-0.96 0.72
-0.98 0.73
-0.99 0.74
-1.00 0.75
-1.02 0.77
-1.03 0.78
-1.05 0.79
-1.08 0.81
-1.12 0.84
-1.18 0.89
-1.24 0.93
-1.32 0.99
-1.39 1.04
-1.45 1.09
-1.51 1.13
-1.55 1.17
-1.59 1.19
-1.61 1.21
-1.62 1.22
-1.62 1.22
-1.61 1.21
-1.60 1.20
-1.58 1.18
-1.55 1.17
-1.54 1.15
-1.51 1.13
-1.48 1.11
-1.46 1.09
-1.42 1.07
-1.39 1.04
-1.36 1.02
-1.32 0.99
-1.28 0.96
-1.24 0.93
-1.19 0.89
-1.15 0.86
-1.11 0.83
-1.07 0.80
-1.03 0.77
-0.99 0.74
-0.95 0.71
-0.91 0.68
-0.87 0.65
-0.83 0.62
-0.79 0.59
-0.76 0.57
-0.72 0.54
-0.69 0.52
-0.66 0.49
-0.63 0.47
-0.60 0.45
-0.58 0.43
-0.55 0.42
-0.53 0.40
-0.51 0.38
-0.49 0.37
-0.47 0.35
-0.45 0.34
-0.43 0.32
-0.41 0.31
-0.39 0.29
-0.37 0.28
-0.35 0.27
-0.34 0.26
-0.32 0.24
-0.30 0.23
-0.28 0.21
-0.27 0.20
-0.26 0.19
-0.24 0.18
-0.22 0.17
-0.21 0.16
-0.20 0.00
-0.18 0.00
-0.16 0.00
-0.14 0.00
-0.12 0.00
-0.10 0.00
-0.08 0.00
-0.06 0.00
-0.04 0.00
-0.02 0.00
0.00 0.00
0.02 0.00
0.04 0.00
0.06 0.00
0.08 0.00
0.10 0.00
0.12 0.00
0.14 0.00
0.16 0.00
0.18 0.00
0.20 0.00
0.21 -0.16
0.23 -0.17
0.25 -0.18
0.26 -0.20
0.28 -0.21
0.30 -0.22
0.32 -0.24
0.35 -0.26
0.39 -0.29
0.43 -0.33
0.48 -0.36
0.54 -0.40
0.60 -0.45
0.67 -0.50
0.74 -0.56
0.82 -0.61
0.90 -0.67
0.97 -0.73
1.05 -0.79
1.13 -0.85
1.23 -0.92
1.33 -1.00
1.44 -1.08
1.54 -1.16
1.63 -1.23
1.71 -1.28
1.77 -1.33
1.81 -1.36
1.83 -1.38
1.83 -1.37
1.81 -1.36
1.79 -1.34
1.77 -1.32
1.74 -1.31
1.71 -1.29
1.68 -1.26
1.65 -1.24
1.61 -1.21
1.57 -1.18
1.52 -1.14
1.47 -1.10
1.42 -1.07
1.37 -1.03
1.34 -1.00
1.30 -0.97
1.26 -0.95
1.24 -0.93
1.24 -0.93
1.28 -0.96
1.37 -1.03
1.49 -1.12
1.65 -1.24
1.87 -1.40
2.13 -1.60
2.38 -1.79
2.60 -1.95
2.78 -2.08
2.90 -2.17
2.97 -2.23
3.01 -2.26
3.01 -2.26
2.98 -2.24
2.93 -2.20
2.86 -2.15
2.79 -2.09
2.70 -2.03
2.61 -1.96
2.53 -1.89
2.43 -1.82
2.33 -1.75
2.23 -1.67
2.13 -1.60
2.03 -1.53
1.94 -1.45
1.85 -1.39
1.77 -1.33
1.69 -1.27
1.61 -1.21
1.53 -1.15
1.45 -1.09
1.38 -1.03
1.31 -0.98
1.25 -0.93
1.19 -0.89
1.12 -0.84
1.07 -0.80
1.03 -0.77
0.98 -0.74
0.94 -0.70
0.90 -0.68
0.87 -0.65
0.84 -0.63
0.82 -0.62
0.82 -0.62
0.84 -0.63
0.86 -0.64
0.88 -0.66
0.90 -0.67
0.91 -0.68
0.92 -0.69
0.94 -0.70
0.95 -0.71
0.97 -0.73
0.99 -0.74
1.01 -0.76
1.03 -0.77
1.05 -0.79
1.07 -0.80
1.10 -0.83
1.14 -0.85
1.17 -0.87
1.21 -0.91
1.26 -0.94
1.30 -0.98
1.34 -1.00
1.36 -1.02
1.38 -1.03
1.36 -1.02
1.34 -1.01
1.32 -0.99
1.30 -0.97
1.28 -0.96
1.26 -0.94
1.24 -0.93
1.21 -0.91
1.19 -0.89
1.16 -0.87
1.12 -0.84
1.09 -0.81
1.05 -0.79
1.02 -0.76
0.98 -0.74
0.95 -0.71
0.91 -0.68
0.88 -0.66
0.84 -0.63
0.81 -0.60
0.77 -0.58
0.74 -0.55
0.70 -0.53
0.67 -0.50
0.63 -0.47
0.60 -0.45
0.57 -0.43
0.54 -0.40
0.51 -0.38
0.48 -0.36
0.45 -0.34
0.42 -0.32
0.39 -0.30
0.37 -0.28
0.35 -0.26
0.33 -0.25
0.31 -0.23
0.29 -0.22
0.26 -0.20
0.25 -0.18
0.23 -0.17
0.21 -0.16
0.19 0.00
0.17 0.00
0.15 0.00
0.13 0.00
0.11 0.00
0.09 0.00
0.07 0.00
0.05 0.00
0.03 0.00
0.01 0.00
-0.00 0.00
-0.02 0.00
-0.04 0.00
-0.06 0.00
-0.06 0.00
-0.04 0.00
-0.02 0.00
-0.00 0.00
0.02 0.00
0.02 0.00
0.00 0.00
-0.01 0.00
-0.01 0.00
0.00 0.00