0 -1.70
1 -1.70
2 -1.70
2 -1.70
3 -1.70
4 -1.70
5 -1.70
5 -1.70
6 -1.70
7 -1.70
8 -1.69
8 -1.69
9 -1.69
10 -1.69
11 -1.69
12 -1.69
13 -1.69
13 -1.69
15 -1.68
16 -1.68
17 -1.67
19 -1.67
20 -1.66
22 -1.66
23 -1.65
25 -1.65
26 -1.64
28 -1.64
29 -1.63
31 -1.63
32 -1.62
34 -1.62
35 -1.61
37 -1.61
38 -1.61
40 -1.60
41 -1.60
44 -1.59
45 -1.59
47 -1.58
48 -1.58
50 -1.57
51 -1.57
53 -1.56
54 -1.56
56 -1.55
57 -1.55
59 -1.54
60 -1.53
62 -1.53
63 -1.52
65 -1.51
66 -1.51
68 -1.50
69 -1.49
71 -1.48
72 -1.47
74 -1.46
75 -1.45
77 -1.43
78 -1.42
80 -1.40
81 -1.37
83 -1.35
84 -1.32
87 -1.30
88 -1.27
90 -1.23
91 -1.20
93 -1.18
94 -1.15
96 -1.13
97 -1.12
99 -1.10
100 -1.09
102 -1.08
103 -1.07
105 -1.06
107 -1.05
108 -1.05
110 -1.04
112 -1.03
113 -1.02
115 -1.01
117 -1.00
118 -0.99
120 -0.98
122 -0.97
123 -0.96
125 -0.94
128 -0.93
129 -0.91
131 -0.90
133 -0.08
134 -0.06
136 -0.04
138 -0.02
139 0.00
141 0.03
142 0.04
144 0.06
145 0.08
147 0.10
148 0.12
150 0.13
151 0.15
153 0.16
154 0.18
156 0.19
157 0.20
159 0.21
160 0.23
162 0.24
163 0.25
165 0.26
166 0.27
168 0.28
169 0.29
172 0.30
173 0.31
175 0.32
176 0.33
178 0.34
179 0.35
181 0.35
182 0.36
184 0.37
185 0.38
187 0.39
188 0.39
190 0.40
191 0.41
193 0.41
194 0.42
196 0.43
197 0.43
199 0.44
200 0.44
202 0.45
203 0.45
205 0.46
206 0.46
208 0.47
209 0.47
211 0.48
212 0.48
215 0.49
216 0.49
218 0.50
219 0.50
221 0.50
222 0.51
224 0.51
225 0.51
227 0.52
228 0.52
230 0.52
231 0.52
233 0.52
234 0.52
235 0.52
237 0.52
238 0.52
240 0.51
241 0.51
243 0.51
244 0.50
246 0.50
247 0.49
249 0.49
250 0.48
252 0.48
253 0.47
256 0.47
257 -0.34
259 -0.35
261 -0.35
262 -0.36
264 -0.36
266 -0.36
267 -0.37
269 -0.37
271 -0.38
272 -0.38
274 -0.39
276 -0.39
277 -0.39
279 -0.40
281 -0.40
282 -0.41
284 -0.41
286 -0.42
287 -0.42
289 -0.42
291 -0.43
292 -0.43
294 -0.44
296 -0.44
297 -0.45
300 -0.45
302 -0.46
303 -0.46
305 -0.47
307 -0.48
308 -0.48
310 -0.49
312 -0.50
313 -0.51
315 -0.51
317 -0.52
318 -0.53
320 -0.54
321 -0.55
323 -0.56
325 -0.56
326 -0.57
328 -0.58
330 -0.59
331 -0.60
333 -0.60
335 -0.61
336 -0.61
338 -0.62
340 -0.62
342 -0.63
344 -0.63
346 -0.63
347 -0.63
349 -0.63
351 -0.63
352 -0.64
354 -0.64
356 -0.64
357 -0.64
359 -0.64
361 -0.64
362 -0.64
364 -0.64
366 -0.64
367 -0.64
369 -0.64
371 -0.64
372 -0.64
374 -0.64
376 -0.64
377 -0.64
379 -0.65
381 -0.65
382 -0.65
385 -0.65
387 -0.65
388 -0.65
390 -0.66
392 -0.66
393 -0.66
395 -0.66
397 -0.66
398 -0.66
400 -0.67
402 -0.67
403 -0.67
405 -0.67
407 -0.67
408 -0.68
410 -0.68
411 -0.68
413 -0.68
415 -0.68
416 -0.69
418 -0.69
420 -0.69
421 -0.69
423 -0.70
425 -0.70
427 -0.70
429 -0.70
431 -0.70
432 -0.70
434 -0.71
436 -0.71
437 -0.71
439 -0.71
441 -0.71
442 -0.71
444 -0.71
446 -0.72
447 -0.72
449 -0.72
451 -0.72
452 -0.72
454 -0.72
456 -0.72
457 -0.72
459 -0.72
461 -0.72
462 -0.72
464 -0.72
466 -0.72
467 -0.72
470 -0.72
472 -0.72
473 -0.72
475 -0.72
477 -0.72
478 -0.72
480 -0.72
482 -0.72
483 -0.72
485 -0.72
487 -0.72
488 -0.72
490 -0.71
491 -0.71
493 -0.71
495 -0.71
497 -0.71
498 -0.71
500 -0.71
501 -0.71
503 -0.71
505 -0.71
506 -0.71
508 -0.71
510 -0.71
512 -0.71
514 -0.71
516 -0.71
517 -0.71
519 -0.71
521 -0.71
522 -0.71
524 -0.71
526 -0.71
527 -0.71
529 -0.71
531 -0.71
532 -0.71
534 -0.71
536 -0.71
537 -0.71
539 -0.71
541 -0.71
542 -0.71
544 -0.71
546 -0.71
547 -0.71
549 -0.71
551 -0.71
552 -0.71
555 -0.73
557 -0.71
558 -0.71
560 -0.71
562 -0.71
563 -0.71
565 -0.73
567 -0.71
568 -0.71
570 -0.71
572 -0.71
573 -0.71
575 -0.73
577 -0.71
578 -0.71
580 -0.71
582 -0.71
583 -0.71
585 -0.71
586 -0.71
588 -0.71
590 -0.71
591 -0.71
593 -0.71
595 -0.71
596 -0.71
599 -0.71
601 -0.71
602 -0.71
604 -0.71
606 -0.71
607 -0.71
609 -0.71
611 -0.71
612 -0.71
614 -0.71
616 -0.71
617 -0.71
619 -0.71
621 -0.71
622 -0.71
624 -0.71
626 -0.71
627 -0.71
629 -0.71
631 -0.71
632 -0.71
634 -0.71
636 -0.71
637 -0.71
640 -0.71
642 -0.71
643 -0.71
645 -0.71
647 -0.71
648 -0.71
650 -0.71
652 -0.71
653 -0.71
655 -0.71
657 -0.71
658 -0.71
660 -0.71
661 -0.71
663 -0.71
665 -0.71
666 -0.71
668 -0.71
670 -0.71
671 -0.71
673 -0.71
675 -0.71
676 -0.71
678 -0.71
680 -0.71
681 -0.71
684 -0.71
686 -0.71
687 -0.71
689 -0.71
691 -0.71
692 -0.71
694 -0.71
696 -0.71
697 -0.71
699 -0.71
701 -0.71
702 -0.71
704 -0.71
706 -0.71
707 -0.71
709 -0.71
711 -0.71
712 -0.71
714 -0.71
716 -0.71
717 -0.71
719 -0.71
721 -0.71
722 -0.71
724 -0.71
727 -0.71
728 -0.71
730 -0.71
732 -0.71
733 -0.71
735 -0.71
737 -0.71
738 -0.71
740 -0.71
742 -0.71
743 -0.71
745 -0.71
747 -0.71
748 -0.71
750 -0.71
752 -0.71
753 -0.71
755 -0.71
757 -0.71
758 -0.71
760 -0.71
761 -0.71
763 -0.71
765 -0.71
766 -0.71
769 -0.71
771 -0.71
772 -0.71
774 -0.71
776 -0.71
777 -0.71
779 -0.71
781 -0.71
782 -0.71
784 -0.71
786 -0.71
787 -0.71
789 -0.71
791 -0.71
792 -0.71
794 -0.71
796 -0.71
797 -0.71
799 -0.71
801 -0.71
802 -0.71
804 -0.71
806 -0.71
807 -0.71
809 -0.71
812 -0.71
813 -0.71
815 -0.71
817 -0.71
818 -0.71
820 -0.73
822 -0.71
823 -0.71
825 -0.71
827 -0.71
828 -0.71
830 -0.73
832 -0.71
833 -0.71
835 -0.71
837 -0.71
838 -0.71
840 -0.73
842 -0.71
843 -0.71
845 -0.71
846 -0.71
848 -0.71
850 -0.71
851 -0.71
854 -0.71
856 -0.71
857 -0.71
859 -0.71
861 -0.71
862 -0.71
864 -0.71
866 -0.71
867 -0.71
869 -0.71
871 -0.71
872 -0.71
874 -0.71
876 -0.71
877 -0.71
879 -0.71
881 -0.71
882 -0.71
884 -0.71
886 -0.71
887 -0.71
889 -0.71
891 -0.71
892 -0.71
894 -0.71
897 -0.71
898 -0.71
900 -0.71
902 -0.71
903 -0.71
905 -0.71
907 -0.71
908 -0.71
910 -0.71
912 -0.71
913 -0.71
915 -0.71
917 -0.71
918 -0.71
920 -0.71
922 -0.71
923 -0.71
925 -0.71
926 -0.71
928 -0.71
930 -0.71
931 -0.71
933 -0.71
935 -0.71
936 -0.71
939 -0.71
941 -0.71
942 -0.71
944 -0.71
946 -0.71
947 -0.71
949 -0.71
951 -0.71
952 -0.71
954 -0.71
956 -0.71
957 -0.71
959 -0.71
961 -0.71
962 -0.71
964 -0.71
966 -0.71
967 -0.71
969 -0.71
971 -0.71
972 -0.71
974 -0.71
976 -0.71
977 -0.71
979 -0.71
982 -0.71
983 -0.71
985 -0.71
987 -0.71
988 -0.71
990 -0.71
992 -0.71
993 -0.71
995 -0.71
997 -0.71
998 -0.71
1000 -0.71
1002 -0.71
1004 -0.71
1005 -0.71
1007 -0.71
1009 -0.71
1011 -0.71
1013 -0.71
1015 -0.71
1016 -0.71
1018 -0.71
1020 -0.71
1022 -0.71
1025 -0.71
1026 -0.71
1028 -0.71
1030 -0.71
1032 -0.71
1034 -0.71
1036 -0.71
1037 -0.71
1039 -0.71
1041 -0.71
1043 -0.71
1045 -0.71
1047 -0.71
1048 -0.71
1050 -0.71
1052 -0.71
1054 -0.71
1056 -0.71
1057 -0.71
1059 -0.71
1061 -0.71
1063 -0.71
1065 -0.71
1068 -0.71
1069 -0.71
1071 -0.71
1073 -0.71
1075 -0.73
1077 -0.71
1079 -0.71
1080 -0.71
1082 -0.71
1084 -0.71
1086 -0.71
1088 -0.71
1090 -0.71
1091 -0.71
1093 -0.71
1095 -0.71
1097 -0.73
1099 -0.71
1101 -0.71
1102 -0.71
1104 -0.71
1106 -0.71
1108 -0.71
1111 -0.71
1112 -0.71
1114 -0.71
1116 -0.71
1118 -0.71
1120 -0.71
1122 -0.71
1123 -0.71
1125 -0.71
1127 -0.71
1129 -0.71
1131 -0.71
1133 -0.71
1134 -0.71
1136 -0.71
1138 -0.71
1140 -0.71
1142 -0.71
1143 -0.71
1145 -0.71
1147 -0.71
1149 -0.71
1152 -0.71
1154 -0.71
1155 -0.71
1157 -0.71
1159 -0.71
1161 -0.71
1163 -0.71
1165 -0.71
1166 -0.71
1168 -0.71
1170 -0.71
1172 -0.71
1174 -0.71
1176 -0.71
1177 -0.71
1179 -0.71
1181 -0.71
1183 -0.71
1185 -0.71
1186 -0.71
1188 -0.71
1190 -0.71
1192 -0.71
1195 -0.71
1197 -0.71
1198 -0.71
1200 -0.71
1202 -0.71
1204 -0.71
1206 -0.71
1208 -0.71
1209 -0.71
1211 -0.71
1213 -0.71
1215 -0.71
1217 -0.71
1219 -0.71
1220 -0.71
1222 -0.71
1224 -0.71
1226 -0.71
1228 -0.71
1230 -0.71
1231 -0.71
1233 -0.71
1235 -0.71
1238 -0.71
1240 -0.71
1241 -0.71
1243 -0.71
1245 -0.71
1247 -0.71
1249 -0.71
1251 -0.71
1252 -0.71