0 0.00
0 0.00
0 0.00
0 0.00
1 0.00
0 0.00
0 0.00
0 0.00
0 0.00
0 0.00
0 0.00
0 0.00
0 0.00
0 0.00
0 0.00
0 0.00
0 0.00
0 0.00
1 0.00
1 0.00
1 0.00
1 0.00
1 0.00
1 0.00
2 0.00
2 0.00
2 0.00
2 0.00
2 0.00
2 0.00
2 0.00
2 0.00
2 0.00
2 0.00
2 0.00
2 0.00
2 0.00
2 0.00
2 0.00
2 0.00
2 0.00
2 0.00
2 0.00
2 0.00
1 0.00
2 0.00
1 0.00
1 0.00
1 0.00
1 0.00
0 0.00
0 0.00
0 0.00
0 0.00
1 0.00
1 0.00
2 0.00
1 0.00
2 0.00
2 0.00
2 0.00
2 0.00
2 0.00
2 0.00
2 0.00
2 0.00
2 0.00
2 0.00
2 0.00
2 0.00
2 0.00
2 0.00
2 0.00
2 0.00
2 0.00
2 0.00
1 0.00
1 0.00
1 0.00
1 0.00
1 0.00
1 0.00
1 0.00
0 0.00
0 0.00
0 0.00
1 0.00
1 0.00
2 0.00
2 0.00
3 0.00
3 0.00
4 0.00
4 0.00
5 0.00
6 0.00
6 0.00
7 0.00
8 0.00
8 0.00
9 0.00
9 0.00
10 0.00
11 0.00
11 0.00
12 0.00
13 0.00
13 0.00
14 0.00
15 0.00
16 0.00
16 0.00
17 0.00
17 0.00
18 0.00
19 0.00
20 0.00
20 0.00
21 0.00
21 0.00
22 0.00
23 0.00
24 0.00
25 0.00
26 0.00
27 0.00
28 0.00
29 0.00
30 0.00
32 0.00
33 0.00
34 0.00
35 0.00
36 0.00
37 0.00
38 0.00
39 0.00
40 0.00
41 0.00
42 0.00
43 0.00
43 0.00
44 0.00
45 0.00
45 0.00
46 0.00
46 0.00
47 0.00
47 0.00
48 0.00
48 0.00
48 0.00
49 0.00
50 0.00
50 0.00
51 0.00
51 0.00
52 0.00
52 0.00
53 0.00
54 0.00
54 0.00
55 0.00
55 0.00
56 0.00
57 0.00
57 0.00
58 0.00
58 0.00
59 0.00
59 0.00
60 0.00
60 0.00
61 0.00
62 0.00
62 0.00
63 0.00
63 0.00
64 0.00
64 0.00
65 0.00
66 0.00
66 0.00
67 0.00
67 0.00
67 0.00
68 0.00
69 0.00
69 0.00
70 0.00
70 0.00
71 0.00
71 0.00
72 0.00
74 0.00
74 0.00
76 0.00
78 0.00
80 0.00
82 0.00
84 0.00
86 0.00
89 0.00
93 0.00
94 0.00
98 0.00
101 0.00
104 0.00
108 0.00
112 0.00
115 0.00
118 0.00
121 0.00
126 0.00
128 0.00
131 0.00
135 0.00
138 0.00
141 0.00
144 0.00
147 0.00
150 0.00
154 0.00
159 0.00
164 0.00
170 0.00
176 0.00
182 0.00
187 0.00
194 0.00
201 0.00
209 0.00
215 0.00
221 0.00
229 0.00
236 0.00
243 0.00
252 0.00
262 0.00
273 0.00
285 0.00
298 0.00
312 0.00
328 0.00
346 259.50
369 276.75
388 291.00
361 270.75
273 0.00
223 0.00
175 0.00
146 0.00
131 0.00
128 0.00
129 0.00
136 0.00
149 0.00
167 0.00
188 0.00
215 0.00
247 0.00
306 0.00
389 291.75
467 350.25
555 416.25
565 423.75
460 345.00
337 0.00
244 0.00
183 0.00
148 0.00
133 0.00
128 0.00
131 0.00
137 0.00
150 0.00
168 0.00
190 0.00
215 0.00
248 0.00
295 0.00
363 272.25
448 336.00
533 399.75
542 406.50
458 343.50
322 0.00
238 0.00
181 0.00
149 0.00
133 0.00
128 0.00
130 0.00
137 0.00
150 0.00
167 0.00
187 0.00
218 0.00
248 0.00
299 0.00
370 277.50
450 337.50
531 398.25
535 401.25
439 329.25
291 0.00
218 0.00
163 0.00
131 0.00
116 0.00
111 0.00
111 0.00
116 0.00
126 0.00
139 0.00
155 0.00
174 0.00
124 0.00
237 0.00
279 0.00
347 260.25
433 324.75
504 378.00
510 382.50
420 315.00
270 0.00
469 351.75
139 0.00
118 0.00
101 0.00
94 0.00
94 0.00
97 0.00
104 0.00
113 0.00
125 0.00
140 0.00
166 0.00
193 0.00
225 0.00
271 0.00
346 259.50
445 333.75
535 401.25
547 410.25
445 333.75
292 0.00
215 0.00
157 0.00
125 0.00
109 0.00
105 0.00
105 0.00
113 0.00
125 0.00
141 0.00
162 0.00
189 0.00
221 0.00
266 0.00
353 264.75
453 339.75
557 417.75
583 437.25
480 360.00
350 262.50
215 0.00
166 0.00
125 0.00
103 0.00
94 0.00
93 0.00
95 0.00
101 0.00
112 0.00
126 0.00
142 0.00
162 0.00
193 0.00
223 0.00
267 0.00
353 264.75
459 344.25
574 430.50
610 457.50
522 391.50
395 296.25
239 0.00
186 0.00
142 0.00
118 0.00
110 0.00
109 0.00
115 0.00
127 0.00
142 0.00
161 0.00
185 0.00
225 0.00
270 0.00
345 258.75
463 347.25
589 441.75
631 473.25
580 435.00
433 324.75
289 0.00
222 0.00
170 0.00
144 0.00
136 0.00
136 0.00
143 0.00
157 0.00
177 0.00
12 0.00
231 0.00
280 0.00
369 276.75
468 351.00
606 454.50
644 483.00
612 459.00
483 362.25
336 0.00
248 0.00
113 0.00
172 0.00
164 0.00
165 0.00
174 0.00
191 0.00
214 0.00
242 0.00
294 0.00
377 282.75
476 357.00
609 456.75
646 484.50
622 466.50
506 379.50
370 277.50
244 0.00
390 292.50
166 0.00
157 0.00
148 0.00
147 0.00
154 0.00
166 0.00
181 0.00
201 0.00
232 0.00
282 0.00
357 267.75
464 348.00
592 444.00
646 484.50
629 471.75
516 387.00
387 290.25
250 0.00
208 0.00
171 0.00
154 0.00
149 0.00
151 0.00
161 0.00
177 0.00
197 0.00
219 0.00
252 0.00
318 0.00
397 297.75
492 369.00
607 455.25
637 477.75
593 444.75
463 347.25
308 0.00
232 0.00
182 0.00
155 0.00
145 0.00
144 0.00
149 0.00
161 0.00
177 0.00
198 0.00
225 0.00
267 0.00
327 0.00
403 302.25
493 369.75
594 445.50
613 459.75
526 394.50
379 284.25
244 0.00
192 0.00
142 0.00
118 0.00
109 0.00
106 0.00
107 0.00
114 0.00
123 0.00
136 0.00
151 0.00
170 0.00
194 0.00
218 0.00
249 0.00
303 0.00
382 286.50
457 342.75
527 395.25
533 399.75
432 324.00
292 0.00
216 0.00
152 0.00
118 0.00
102 0.00
95 0.00
93 0.00
94 0.00
100 0.00
107 0.00
116 0.00
128 0.00
146 0.00
168 0.00
191 0.00
214 0.00
245 0.00
290 0.00
357 267.75
423 317.25
465 348.75
443 332.25
341 0.00
247 0.00
175 0.00
134 0.00
110 0.00
97 0.00
92 0.00
90 0.00
92 0.00
95 0.00
101 0.00
110 0.00
123 0.00
138 0.00
156 0.00
176 0.00
199 0.00
225 0.00
258 0.00
296 0.00
338 0.00
372 279.00
394 295.50
392 294.00
338 0.00
265 0.00
194 0.00
149 0.00
122 0.00
107 0.00
99 0.00
96 0.00
96 0.00
98 0.00
102 0.00
110 0.00
119 0.00
129 0.00
141 0.00
159 0.00
178 0.00
195 0.00
212 0.00
230 0.00
247 0.00
264 0.00
277 0.00
283 0.00
281 0.00
277 0.00
271 0.00
263 0.00
255 0.00
247 0.00
241 0.00
234 0.00
230 0.00
225 0.00
222 0.00
219 0.00
216 0.00
215 0.00
214 0.00
214 0.00
213 0.00
214 0.00
214 0.00
214 0.00
214 0.00
214 0.00
214 0.00
214 0.00
214 0.00
213 0.00
213 0.00
213 0.00
213 0.00
213 0.00
211 0.00
211 0.00
210 0.00
209 0.00
209 0.00
208 0.00
208 0.00
207 0.00
206 0.00
206 0.00
205 0.00
205 0.00
204 0.00
205 0.00
204 0.00
203 0.00
203 0.00
202 0.00
201 0.00
200 0.00
200 0.00
199 0.00
198 0.00
198 0.00
197 0.00
196 0.00
195 0.00
194 0.00
193 0.00
192 0.00
191 0.00
190 0.00
189 0.00
188 0.00
187 0.00
185 0.00
184 0.00
182 0.00
181 0.00
179 0.00
177 0.00
176 0.00
174 0.00
173 0.00
171 0.00
169 0.00
167 0.00
166 0.00
164 0.00
163 0.00
161 0.00
159 0.00
158 0.00
156 0.00
155 0.00
153 0.00
151 0.00
149 0.00
148 0.00
147 0.00
145 0.00
143 0.00
141 0.00
139 0.00
138 0.00
137 0.00
135 0.00
133 0.00
132 0.00
131 0.00
129 0.00
128 0.00
127 0.00
125 0.00
124 0.00
122 0.00
121 0.00
120 0.00
118 0.00
117 0.00
116 0.00
114 0.00
113 0.00
111 0.00
110 0.00
109 0.00
107 0.00
105 0.00
103 0.00
102 0.00
101 0.00
99 0.00
96 0.00
95 0.00
93 0.00
91 0.00
90 0.00
88 0.00
86 0.00
84 0.00
82 0.00
80 0.00
78 0.00
75 0.00
73 0.00
71 0.00
69 0.00
67 0.00
65 0.00
62 0.00
61 0.00
58 0.00
57 0.00
55 0.00
53 0.00
52 0.00
51 0.00
49 0.00
48 0.00
47 0.00
46 0.00
44 0.00
43 0.00
42 0.00
41 0.00
40 0.00
39 0.00
38 0.00
37 0.00
36 0.00
36 0.00
35 0.00
34 0.00
33 0.00
33 0.00
32 0.00
31 0.00
30 0.00
30 0.00
29 0.00
28 0.00
28 0.00
27 0.00
26 0.00
25 0.00
24 0.00
24 0.00
23 0.00
22 0.00
21 0.00
20 0.00
20 0.00
19 0.00
18 0.00
17 0.00
16 0.00
15 0.00
14 0.00
13 0.00
12 0.00
12 0.00
11 0.00
10 0.00
9 0.00
9 0.00
8 0.00
7 0.00
7 0.00
6 0.00
5 0.00
4 0.00
4 0.00
3 0.00
2 0.00
2 0.00
1 0.00
0 0.00
0 0.00
1 0.00
2 0.00
2 0.00
3 0.00
3 0.00
3 0.00
4 0.00
4 0.00
5 0.00
5 0.00
5 0.00
6 0.00
6 0.00
6 0.00
7 0.00
7 0.00
7 0.00
8 0.00
8 0.00
8 0.00
9 0.00
9 0.00
9 0.00
9 0.00
9 0.00
10 0.00
10 0.00
10 0.00
10 0.00
10 0.00
11 0.00
10 0.00
11 0.00
11 0.00
11 0.00
11 0.00
11 0.00
11 0.00
12 0.00
12 0.00
12 0.00
12 0.00
12 0.00
12 0.00
13 0.00
13 0.00
13 0.00
13 0.00
13 0.00
14 0.00
13 0.00
13 0.00
13 0.00
13 0.00
13 0.00
13 0.00
13 0.00
13 0.00
13 0.00
13 0.00
13 0.00
13 0.00
13 0.00
13 0.00
13 0.00
13 0.00
13 0.00
13 0.00
13 0.00
14 0.00
13 0.00
13 0.00
13 0.00
13 0.00
13 0.00
13 0.00
13 0.00
13 0.00
13 0.00
13 0.00
13 0.00
13 0.00
13 0.00
13 0.00
13 0.00
13 0.00
13 0.00
13 0.00
13 0.00
13 0.00
13 0.00
13 0.00
13 0.00
13 0.00
14 0.00
13 0.00
13 0.00
13 0.00
13 0.00
13 0.00
13 0.00
13 0.00
13 0.00
13 0.00
13 0.00
13 0.00
13 0.00
13 0.00
13 0.00
13 0.00
13 0.00
13 0.00
13 0.00
13 0.00
13 0.00
13 0.00
13 0.00
13 0.00
13 0.00
13 0.00
13 0.00
13 0.00
13 0.00
13 0.00
13 0.00
13 0.00
13 0.00
13 0.00
13 0.00
13 0.00
13 0.00
13 0.00
13 0.00
13 0.00
13 0.00
13 0.00
13 0.00
13 0.00
13 0.00
13 0.00
13 0.00
13 0.00
13 0.00
13 0.00
13 0.00
13 0.00
13 0.00
13 0.00
13 0.00
13 0.00
13 0.00
13 0.00
13 0.00
13 0.00
13 0.00
13 0.00
13 0.00
13 0.00
13 0.00
13 0.00
13 0.00
13 0.00
14 0.00
13 0.00
13 0.00
13 0.00
13 0.00
13 0.00
13 0.00
13 0.00
13 0.00
13 0.00
13 0.00
13 0.00
13 0.00
13 0.00
13 0.00
13 0.00
13 0.00
13 0.00
13 0.00
13 0.00
13 0.00
13 0.00
12 0.00
12 0.00
12 0.00
12 0.00
12 0.00
12 0.00
12 0.00
12 0.00
11 0.00
11 0.00
11 0.00
11 0.00
10 0.00
10 0.00
10 0.00
9 0.00
9 0.00
9 0.00
8 0.00
8 0.00
7 0.00
7 0.00
6 0.00
6 0.00
5 0.00
5 0.00
5 0.00
4 0.00
4 0.00
4 0.00
3 0.00
3 0.00
3 0.00
3 0.00
2 0.00
2 0.00
2 0.00
2 0.00
1 0.00
1 0.00
1 0.00
1 0.00
1 0.00
1 0.00
1 0.00
1 0.00
1 0.00
1 0.00
0 0.00
1 0.00
0 0.00
0 0.00
0 0.00
0 0.00
0 0.00
0 0.00