0 -8.10
1 -8.09
1 -8.09
2 -8.09
3 -8.08
4 -8.06
5 -8.02
5 -7.96
6 -7.85
7 -7.75
8 -7.59
8 -7.47
9 -7.33
10 -7.19
11 -7.03
12 -6.85
12 -6.60
13 -6.42
14 -6.13
16 -5.78
17 -5.39
19 -5.08
20 -4.81
22 -4.51
23 -4.27
25 -3.96
26 -3.62
28 -3.28
29 -2.78
31 -2.25
32 -1.78
34 -1.28
35 -0.88
37 0.85
38 1.11
39 1.35
41 1.63
43 1.88
44 2.16
46 2.48
47 2.84
48 3.35
50 3.91
51 4.59
52 5.19
54 5.59
55 5.85
56 6.09
58 6.24
59 6.36
60 6.47
62 6.55
63 6.63
64 6.66
66 6.68
67 6.67
68 6.64
70 6.59
71 6.53
72 6.44
74 6.31
75 6.18
76 6.03
78 5.82
79 5.59
80 5.22
82 4.74
83 4.06
84 3.43
87 2.87
88 2.48
89 2.20
91 1.97
92 1.77
93 1.57
95 1.36
96 2.27
97 0.87
99 -0.80
100 -1.13
102 -1.65
103 -2.18
105 -2.66
107 -3.09
108 -3.44
110 -3.77
112 -4.04
113 -4.29
115 -4.46
117 -4.65
118 -4.82
120 -4.95
122 -5.10
123 -5.21
125 -5.26
128 -5.28
129 -5.28
131 -5.24
133 -5.17
134 -5.09
136 -4.93
138 -4.80
139 -4.66
141 -4.50
143 -4.32
144 -4.14
146 -3.89
148 -3.66
149 -3.39
151 -3.05
153 -2.66
154 -2.25
156 -1.76
157 -1.35
159 -1.02
161 -0.70
162 0.96
164 1.20
165 1.38
167 1.59
168 1.82
171 2.00
172 2.27
174 2.53
175 2.83
177 3.26
178 3.73
180 4.23
181 4.73
183 5.08
184 5.38
186 5.54
187 5.71
189 5.80
190 5.88
192 5.91
193 4.98
195 5.81
196 5.75
198 5.62
199 5.45
201 5.19
202 4.83
204 4.45
205 3.89
207 3.38
208 2.97
210 2.57
211 2.29
214 2.10
215 1.89
217 1.70
218 1.52
220 1.32
221 1.64
223 0.92
224 -0.73
226 -1.05
228 -1.40
229 -1.79
231 -2.18
233 -2.62
234 -2.99
236 -3.29
238 -3.54
239 -3.74
241 -3.92
243 -4.08
244 -4.22
246 -4.32
247 -4.40
249 -4.46
251 -4.49
252 -4.50
254 -4.48
257 -4.46
258 -4.38
260 -4.30
262 -4.19
263 -4.08
265 -3.94
267 -3.79
268 -3.59
270 -3.37
272 -3.21
273 -2.83
275 -2.51
277 -2.14
278 -1.75
280 -1.43
282 -1.14
283 -0.87
285 0.77
287 0.99
288 1.18
289 1.33
291 1.51
292 1.67
294 1.83
295 2.00
297 2.17
299 2.37
301 2.61
302 2.83
304 3.16
305 3.49
307 3.76
308 4.11
310 4.45
311 4.67
313 4.84
314 4.97
316 5.07
317 5.11
319 5.08
320 5.03
322 4.97
323 4.85
325 4.64
326 4.40
328 4.17
329 3.74
331 3.43
332 3.11
334 2.76
335 2.55
337 2.33
338 2.15
340 2.01
342 1.85
344 1.70
345 1.56
347 1.39
348 1.24
350 1.08
351 0.90
353 0.74
354 -0.89
356 -1.17
358 -1.46
359 -1.79
361 -2.13
363 -2.46
364 -2.75
366 -3.01
368 -3.22
369 -3.43
371 -3.60
373 -3.72
374 -3.82
376 -3.91
377 -3.97
379 -4.02
381 -3.92
382 -4.05
385 -4.03
387 -4.01
388 -3.96
390 -3.89
392 -3.79
393 -3.70
395 -3.58
397 -3.45
398 -3.28
400 -3.08
402 -2.87
403 -2.60
405 -2.32
407 -2.04
408 -1.73
410 -1.46
412 -1.22
413 -0.99
415 -0.74
417 0.86
418 1.00
420 1.90
421 1.31
423 1.43
424 1.56
427 1.69
428 1.81
430 1.95
431 2.07
433 2.22
434 2.37
436 2.50
437 2.67
439 2.86
440 3.03
442 3.23
443 3.38
445 3.52
446 3.65
448 3.73
449 3.82
451 3.83
452 3.82
454 3.78
455 3.71
457 3.58
458 3.45
460 3.28
461 3.06
462 2.92
464 2.74
465 2.59
467 2.44
468 2.32
471 2.19
472 2.07
474 1.96
475 1.85
477 1.73
478 1.77
480 1.51
481 1.39
483 1.27
484 1.17
486 1.05
487 0.92
489 0.90
490 -0.76
492 -0.98
494 -1.20
495 -1.42
497 -1.62
499 -1.85
500 -1.94
502 -2.33
504 -2.57
505 -2.75
507 -2.90
509 -3.04
510 -3.16
513 -3.25
515 -3.35
516 -3.41
518 -3.42
520 -3.43
521 -3.43
523 -3.40
525 -3.35
526 -3.29
528 -3.19
530 -3.09
531 -2.98
533 -2.83
535 -2.67
536 -2.48
538 -2.27
540 -2.07
541 -1.96
543 -1.64
545 -1.44
546 -1.25
548 -1.05
550 -0.88
551 -0.71
553 0.84
555 0.97
557 1.07
558 1.20
560 1.31
561 1.39
563 1.50
564 1.59
566 1.67
567 1.77
569 1.85
570 1.94
572 2.04
573 2.11
575 2.21
576 2.29
578 2.35
579 2.43
581 2.51
582 2.56
584 2.63
585 2.68
587 2.72
588 2.75
590 2.76
591 2.76
593 2.75
594 2.73
596 2.70
598 2.65
600 2.61
601 2.54
603 2.48
604 2.42
606 2.35
607 2.29
609 2.23
610 2.16
612 2.10
613 2.02
615 1.94
616 1.88
618 1.80
619 1.73
621 1.66
622 1.58
624 1.51
625 1.44
627 1.35
628 1.28
630 1.19
631 1.10
633 1.03
634 0.93
636 0.82
637 0.73
638 -0.80
641 -0.94
643 -1.09
644 -1.24
646 -1.40
648 -1.56
649 -1.70
651 -1.85
653 -1.99
654 -2.12
656 -2.28
658 -2.43
659 -2.50
661 -2.58
663 -2.66
664 -2.71
666 -2.74
668 -2.78
669 -2.78
671 -2.78
673 -2.75
674 -2.71
676 -2.66
678 -2.59
679 -2.50
681 -2.42
684 -2.32
685 -2.20
687 -2.08
689 -1.95
690 -1.80
692 -1.67
694 -1.54
695 -1.42
697 -1.29
699 -1.17
700 -1.03
702 -0.91
704 -0.80
705 0.82
707 0.82
708 0.90
710 0.98
711 1.06
713 1.13
714 1.20
716 1.26
717 1.33
719 1.39
720 1.44
722 1.49
723 1.53
726 1.58
727 1.63
729 1.68
730 1.71
732 1.75
733 1.77
735 1.80
736 1.82
738 1.84
739 1.85
741 1.86
742 1.86
744 1.86
745 1.85
747 1.84
748 1.83
750 1.80
751 1.78
753 1.76
754 1.73
756 1.70
757 1.66
759 1.63
760 1.59
762 1.55
763 1.51
765 1.46
766 1.42
768 1.37
770 1.32
771 1.28
773 1.23
774 1.17
776 1.12
777 1.06
779 1.01
780 0.95
782 0.88
783 0.81
785 0.74
786 -0.74
788 -0.83
790 -0.93
791 -1.03
793 -1.13
795 -1.23
796 -1.32
798 -1.41
800 -1.50
801 -1.56
803 -1.64
805 -1.70
806 -1.74
808 -1.78
811 -1.82
812 -1.83
814 -1.85
816 -1.85
817 -1.84
819 -1.83
821 -1.82
822 -1.79
824 -1.76
826 -1.72
827 -1.67
829 -1.63
831 -1.58
832 -1.52
834 -1.47
836 -1.41
837 -1.33
839 -1.27
841 -1.20
842 -1.12
844 -1.05
846 -0.98
847 -0.90
849 -0.83
851 -0.76
852 -0.70
855 0.77
856 0.83
858 0.87
859 0.92
861 0.97
862 1.00
864 1.05
865 1.08
867 1.11
868 1.15
870 1.18
871 1.21
873 1.24
874 1.26
876 1.28
877 1.30
879 1.32
880 1.33
882 1.35
883 1.36
885 1.37
886 1.37
888 1.38
889 1.39
891 1.39
892 1.38
894 1.37
896 1.38
898 1.37
899 1.36
901 1.35
902 1.34
904 1.33
905 1.31
907 1.29
908 1.28
910 1.27
911 1.25
913 1.23
914 1.20
916 1.18
917 1.16
919 -1.09
920 1.11
922 1.08
923 1.06
925 1.04
926 1.01
928 0.99
929 0.96
931 0.93
932 0.90
934 0.87
935 0.84
937 0.80
939 0.75
941 0.71
942 -0.73
944 -0.79
945 -0.84
947 -0.91
949 -0.96
950 -1.02
952 -1.07
954 -1.11
955 -1.16
957 -1.20
959 -1.24
960 -1.27
962 -1.30
964 -1.31
965 -1.32
967 -1.33
969 -1.33
970 -1.33
972 -1.32
974 -1.30
975 -1.28
977 -1.27
979 -1.24
980 -1.21
983 -1.17
985 -1.13
986 -1.10
988 -1.06
990 -1.02
991 -0.97
993 -0.93
995 -0.88
996 -0.84
998 -0.80
1000 -0.76
1001 -0.71
1003 0.74
1005 0.78
1007 0.81
1008 0.85
1010 0.88
1012 0.90
1013 0.92
1015 1.07
1017 0.95
1018 0.96
1020 0.97
1021 0.97
1024 0.97
1026 1.06
1028 0.97
1029 0.96
1031 0.95
1032 0.94
1034 0.93
1036 0.91
1037 0.89
1039 0.87
1041 0.85
1042 0.83
1044 0.78
1046 0.75
1047 0.71
1049 -0.73
1051 -0.77
1053 -0.83
1055 -0.88
1056 -0.92
1058 -0.96
1060 -1.01
1062 -1.05
1064 -1.09
1067 -1.11
1068 -1.14
1070 -1.16
1072 -1.18
1074 -1.18
1076 -1.19
1077 -1.19
1079 -1.18
1081 -1.16
1083 -1.15
1085 -1.13
1087 -1.11
1088 -1.08
1090 -1.05
1092 -1.03
1094 -0.99
1096 -0.95
1098 -0.92
1099 -0.88
1101 -0.84
1103 -0.82
1105 -0.77
1107 -0.73
1110 -0.70
1111 0.74
1113 0.77
1115 0.80
1116 0.82
1118 0.85
1120 0.86
1121 0.88
1123 0.88
1125 0.89
1126 0.89
1128 0.89
1130 0.89
1131 0.88
1133 0.87
1135 0.86
1136 0.84
1138 0.84
1140 0.80
1141 0.77
1143 0.74
1145 0.72
1146 -0.72
1148 -0.76
1150 -0.80
1153 -0.84
1155 -0.88
1156 -0.92
1158 -0.96
1160 -1.00
1162 -1.02
1164 -1.05
1165 -1.06
1167 -1.08
1169 -1.09
1171 -1.09
1173 -1.09
1175 -1.09
1176 -1.08
1178 -1.07
1180 -1.06
1182 -1.04
1184 -1.03
1186 -1.00
1187 -0.97
1189 -0.95
1191 -0.92
1193 -0.89
1196 -0.86
1198 -0.84
1199 -0.80
1201 -0.76
1203 -0.74
1205 -0.71
1207 0.73
1208 0.75
1210 0.78
1212 0.79
1213 0.81
1215 0.83
1217 0.84
1218 0.85
1220 0.85
1222 0.84
1223 0.84
1225 0.83
1227 0.81
1228 0.80
1230 0.79
1232 0.77
1233 0.89
1235 0.72
1238 -0.71
1239 -0.74
1241 -0.78
1243 -0.82
1245 -0.85
1247 -0.88
1248 -0.92
1250 -0.94
1252 -0.97
1254 -0.99
1256 -1.00
1258 -1.02
1259 -1.02
1261 -1.03
1263 -1.02
1265 -1.02
1267 -1.02
1269 -1.00
1270 -0.99
1272 -0.97
1274 -0.95
1276 -0.81
1278 -0.91
1281 -0.89
1282 -0.87
1284 -0.84
1286 -0.82
1288 -0.79
1290 -0.76
1291 -0.74
1293 -0.71
1295 0.71
1297 0.73
1298 0.76
1300 0.78
1302 0.79
1303 0.80
1305 0.81
1307 0.81
1308 0.81
1310 0.80
1312 0.80
1313 0.79
1315 0.77
1317 0.76
1318 0.74
1320 0.71
1323 -0.71
1325 -0.74
1326 -0.77
1328 -0.81
1330 -0.83
1332 -0.86
1334 -0.89
1335 -0.91
1337 -0.93
1339 -0.95
1341 -0.95
1343 -0.96
1345 -0.97
1346 -0.97
1348 -0.97
1350 -0.96
1352 -0.95
1354 -0.94
1356 -0.93
1357 -0.92
1359 -0.90
1361 -0.88
1363 -0.87
1366 -0.84
1368 -0.83
1369 -0.80
1371 -0.78
1373 -0.75
1375 -0.73
1377 -0.71
1378 0.71
1380 0.73
1382 0.75
1383 0.76
1385 0.77
1387 0.78
1388 0.79
1390 0.79
1392 0.78
1393 0.78
1395 0.77
1397 0.76
1398 0.74
1400 0.73
1402 0.71
1403 -0.72
1405 -0.74
1408 -0.79
1410 -0.79
1412 -0.84
1414 -0.86
1415 -0.89
1417 -0.90
1419 -0.92
1421 -0.93
1423 -0.95
1424 -0.95
1426 -0.95
1428 -0.95
1430 -0.95
1432 -0.94
1434 -0.93
1435 -0.92
1437 -0.91
1439 -0.90
1441 -0.88
1443 -0.86
1445 -0.84
1446 -0.82
1448 -0.81
1451 -0.78
1453 -0.76
1455 -0.74
1457 -0.72
1458 0.83
1460 0.72
1462 0.74
1463 0.76
1465 0.76
1467 0.77
1468 0.78
1470 0.78
1472 0.77
1473 0.77
1475 0.76
1477 0.74
1478 0.73
1480 0.71
1482 -0.71
1483 -0.73
1485 -0.76
1487 -0.79
1489 -0.82
1491 -0.84
1494 -0.86
1495 -0.88
1497 -0.89
1499 -0.91
1501 -0.91
1503 -0.92
1505 -0.92
1506 -0.92
1508 -0.91
1510 -0.91
1512 -0.90
1514 -0.89
1515 -0.88
1517 -0.87
1519 -0.85
1521 -0.80
1523 -0.82
1525 -0.80
1526 -0.78
1528 -0.76
1530 -0.74
1532 -0.72
1534 -0.70
1537 0.71
1538 0.73
1540 0.74
1542 0.76
1543 0.76
1545 0.77
1546 0.77
1548 0.77
1550 0.76
1552 0.76
1553 0.74
1555 0.73
1556 0.71
1558 0.70
1560 -0.73
1562 -0.75
1563 -0.79
1565 -0.81
1567 -0.84
1569 -0.86
1571 -0.88
1573 -0.90
1574 -0.91
1576 -0.93
1579 -0.93
1581 -0.93
1583 -0.80
1585 -0.94
1586 -0.93
1588 -0.92
1590 -0.91
1592 -0.91
1594 -0.89
1596 -0.88
1597 -0.86
1599 -0.84
1601 -0.83
1603 -0.81
1605 -0.79
1606 -0.76
1608 -0.74
1610 -0.72
1612 -0.70
1614 0.72
1615 0.73
1617 0.75
1619 0.76
1620 0.77
1623 0.78
1625 0.78
1626 0.78
1628 0.77
1630 0.77
1631 0.76
1633 0.74
1635 0.73
1636 0.71
1638 -0.71
1640 -0.74
1642 -0.77
1643 -0.80
1645 -0.82
1647 -0.85
1649 -0.87
1651 -0.89
1653 -0.90
1654 -0.92
1656 -0.92
1658 -0.93
1660 -0.94
1662 -0.93
1665 -0.93
1666 -0.92
1668 -0.91
1670 -0.90
1672 -0.89
1674 -0.87
1676 -0.86
1677 -0.84
1679 -0.83
1681 -0.80
1683 -0.77
1685 -0.76
1686 -0.74
1688 -0.73
1690 -0.70
1692 0.71
1694 0.73
1695 0.75
1697 0.76
1699 0.77
1700 0.77
1702 0.78
1704 0.77
1705 0.77
1708 0.76
1710 0.75
1711 0.74
1713 0.72
1715 0.70
1716 -0.72
1718 -0.74
1720 -0.77
1722 -0.80
1724 -0.83
1725 -0.85
1727 -0.88
1729 -0.89
1731 -0.91
1733 -0.92
1734 -0.93
1736 -0.93
1738 -0.93
1740 -0.93
1742 -0.92
1744 -0.92
1745 -0.91
1747 -0.90
1750 -0.89
1752 -0.87
1754 -0.86
1756 -0.84
1757 -0.82
1759 -0.81
1761 -0.78
1763 -0.76
1765 -0.75
1767 -0.72
1768 0.70
1770 0.72
1772 0.73
1773 0.75
1775 0.75
1777 0.75
1778 0.76
1780 0.76
1782 0.76
1783 0.75
1785 0.74
1787 0.72
1788 0.72
1790 -0.70
1793 -0.72
1795 -0.75
1796 -0.78
1798 -0.80
1800 -0.82
1802 -0.84
1804 -0.86
1806 -0.86
1807 -0.88
1809 -0.88
1811 -0.89
1813 -0.79
1815 -0.89
1816 -0.88
1818 -0.88
1820 -0.87
1822 -0.86
1824 -0.85
1826 -0.84
1827 -0.82
1829 -0.81
1831 -0.80
1833 -0.78
1836 -0.76
1838 -0.74
1839 -0.73
1841 -0.71
1843 0.70
1845 0.72
1846 0.72
1848 0.74
1850 0.75
1851 0.75
1853 0.75
1855 0.75
1856 0.73
1858 0.74
1860 0.72
1861 0.71
1863 -0.71
1865 -0.73
1867 -0.75
1868 -0.77
1870 -0.80
1872 -0.82
1874 -0.84
1876 -0.85
1879 -0.86
1880 -0.87
1882 -0.87
1884 -0.88
1886 -0.88
1888 -0.87
1890 -0.87
1891 -0.87
1893 -0.85
1895 -0.85
1897 -0.84
1899 -0.82
1900 -0.81
1902 -0.80
1904 -0.78
1906 -0.76
1908 -0.75
1910 -0.73
1911 -0.72
1913 0.70
1915 0.70
1917 0.73
1918 0.74
1921 0.74
1923 0.75
1924 0.74
1926 0.73
1928 0.74
1929 0.73
1931 0.71
1933 0.70
1934 -0.71
1936 -0.74
1938 -0.76
1940 -0.79
1942 -0.80
1943 -0.83
1945 -0.84
1947 -0.86
1949 -0.87
1951 -0.87
1952 -0.88
1954 -0.88
1956 -0.88
1958 -0.88
1960 -0.87
1963 -0.87
1964 -0.86
1966 -0.85
1968 -0.84
1970 -0.82
1972 -0.81
1974 -0.80
1975 -0.77
1977 -0.76
1979 -0.74
1981 -0.73
1983 -0.71
1985 0.70
1986 0.72
1988 0.73
1989 0.74
1991 0.75
1993 0.74
1994 0.75
1996 0.74
1998 0.74
1999 0.73
