0 -1.20
1 -1.20
1 -1.20
2 -1.20
3 -1.20
4 -1.20
4 -1.20
5 -1.20
6 -1.21
7 -1.20
7 -1.20
8 -1.20
9 -1.20
10 -1.21
11 -1.20
11 -1.20
12 -1.20
13 -1.20
14 -1.20
16 -1.19
17 -1.19
19 -1.19
20 -1.19
22 -1.19
23 -1.19
25 -1.19
26 -1.19
28 -1.19
29 -1.19
31 -1.19
32 -1.19
34 -1.19
35 -1.19
37 -1.19
38 -1.19
40 -1.19
41 -1.18
44 -1.18
45 -1.18
47 -1.18
48 -1.18
50 -1.18
51 -1.18
53 -1.18
54 -1.18
56 -1.18
57 -1.18
59 -1.18
60 -1.18
62 -1.18
63 -1.17
65 -1.17
66 -1.17
68 -1.17
69 -1.17
71 -1.17
72 -1.17
74 -1.16
75 -1.16
77 -1.16
78 -1.16
80 -1.16
81 -1.16
83 -1.15
84 -1.15
87 -1.15
88 -1.15
90 -1.15
91 -1.14
93 -1.14
94 -1.14
96 -1.14
97 -1.14
99 -1.13
100 -1.13
102 -1.13
103 -1.14
105 -1.12
107 -1.12
108 -1.12
110 -1.11
112 -1.11
113 -1.12
115 -1.10
117 -1.10
118 -1.09
120 -1.08
122 -1.08
123 -1.07
125 -1.06
128 -1.06
129 -1.05
131 -1.04
133 -1.04
134 -1.03
136 -1.02
138 -1.01
139 -1.00
141 -1.00
143 -0.99
144 -0.99
146 -0.98
148 -0.98
149 -0.97
151 -0.97
153 -0.97
154 -0.95
156 -0.96
158 -0.96
159 -0.96
161 -0.96
163 -0.96
164 -0.95
166 -0.95
167 -0.95
169 -0.95
172 -0.94
173 -0.94
175 -0.93
177 -0.93
178 -0.92
180 -0.92
182 -0.91
183 -0.90
185 -0.90
187 -0.89
188 -0.88
190 -0.88
192 -0.87
193 -0.86
195 -0.85
197 -0.85
198 -0.84
200 -0.83
202 -0.82
203 -0.82
205 -0.81
207 -0.80
208 -0.79
210 -0.78
212 -0.77
214 -0.76
216 -0.75
218 0.06
219 0.06
221 0.07
222 0.08
224 0.09
225 0.09
227 0.10
228 0.11
230 0.11
231 0.12
233 0.12
234 0.13
236 0.13
237 0.14
239 0.14
240 0.15
242 0.15
243 0.15
245 0.16
246 0.16
248 0.17
249 0.17
251 0.17
252 0.18
253 0.18
256 0.19
257 0.19
259 0.20
260 0.20
262 -0.60
264 -0.59
265 -0.59
267 -0.59
269 -0.58
270 -0.58
272 -0.57
274 -0.57
275 -0.56
277 -0.56
279 -0.55
280 -0.54
282 -0.54
284 -0.53
285 -0.54
287 -0.52
289 -0.52
290 -0.51
292 -0.51
294 -0.50
295 -0.51
297 -0.50
299 -0.49
301 -0.49
303 -0.49
304 -0.49
306 -0.49
308 -0.48
309 -0.48
311 -0.48
313 -0.48
314 -0.48
316 -0.49
318 -0.47
319 -0.47
321 -0.47
323 -0.47
324 -0.47
326 -0.48
328 -0.47
329 -0.47
331 -0.47
333 -0.47
334 -0.47
336 -0.48
338 -0.47
339 -0.47
342 -0.47
344 -0.47
345 -0.47
347 -0.47
349 -0.47
350 -0.47
352 -0.47
354 -0.47
355 -0.47
357 -0.47
359 -0.47
360 -0.47
362 -0.47
364 -0.47
365 -0.47
367 -0.47
369 -0.47
370 -0.48
372 -0.48
374 -0.48
375 -0.48
377 -0.48
378 -0.48
380 -0.48
382 -0.48
384 -0.48
386 -0.48
388 -0.50
389 -0.48
391 -0.49
393 -0.49
394 -0.49
396 -0.49
398 -0.50
399 -0.49
401 -0.49
403 -0.49
404 -0.49
406 -0.50
408 -0.51
409 -0.50
411 -0.50
413 -0.50
414 -0.50
416 -0.50
418 -0.50
419 -0.50
421 -0.50
423 -0.50
424 -0.51
427 -0.51
429 -0.52
430 -0.51
432 -0.51
434 -0.51
435 -0.51
437 -0.51
439 -0.52
440 -0.51
442 -0.51
444 -0.51
445 -0.51
447 -0.51
449 -0.52
450 -0.51
452 -0.51
454 -0.51
455 -0.51
457 -0.51
459 -0.52
460 -0.51
462 -0.51
464 -0.51
465 -0.51
467 -0.51
470 -0.51
471 -0.51
473 -0.51
474 -0.51
476 -0.51
478 -0.51
479 -0.52
481 -0.51
483 -0.51
484 -0.51
486 -0.51
488 -0.51
489 -0.53
491 -0.51
493 -0.51
494 -0.51
496 -0.51
498 -0.51
499 -0.51
501 -0.51
503 -0.51
504 -0.51
506 -0.51
508 -0.51
509 -0.53
512 -0.51
514 -0.51
515 -0.51
517 -0.51
519 -0.51
520 -0.53
522 -0.51
524 -0.51
525 -0.51
527 -0.51
529 -0.51
530 -0.53
532 -0.51
534 -0.51
535 -0.51
537 -0.51
539 -0.51
540 -0.53
542 -0.51
544 -0.51
545 -0.51
547 -0.51
548 -0.51
550 -0.51
552 -0.51
553 -0.51
556 -0.51
558 -0.51
559 -0.51
561 -0.53
563 -0.51
564 -0.51
566 -0.51
568 -0.51
569 -0.51
571 -0.53
573 -0.51
574 -0.51
576 -0.51
578 -0.51
579 -0.51
581 -0.53
583 -0.51
584 -0.51
586 -0.51
588 -0.51
589 -0.51
591 -0.53
593 -0.51
594 -0.51
596 -0.51
599 -0.51
600 -0.51
602 -0.53
604 -0.51
605 -0.51
607 -0.51
609 -0.51
610 -0.51
612 -0.51
614 -0.51
615 -0.51
617 -0.51
619 -0.51
620 -0.52
622 -0.51
624 -0.52
625 -0.52
627 -0.51
629 -0.52
630 -0.52
632 -0.52
634 -0.52
635 -0.52
637 -0.52
640 -0.51
641 -0.52
643 -0.53
645 -0.51
646 -0.51
648 -0.51
649 -0.51
651 -0.51
653 -0.53
654 -0.51
656 -0.51
658 -0.51
659 -0.51
661 -0.51
663 -0.53
664 -0.51
666 -0.51
668 -0.51
669 -0.51
671 -0.51
673 -0.51
674 -0.51
676 -0.51
678 -0.51
679 -0.51
681 -0.51
684 -0.53
685 -0.51
687 -0.51
689 -0.51
690 -0.51
692 -0.51
694 -0.53
695 -0.51
697 -0.51
699 -0.51
700 -0.51
702 -0.51
704 -0.53
705 -0.51
707 -0.51
709 -0.51
710 -0.51
712 -0.51
714 -0.53
715 -0.51
717 -0.51
719 -0.51
720 -0.51
722 -0.51
724 -0.53
726 -0.51
728 -0.51
730 -0.51
731 -0.51
733 -0.51
734 -0.51
736 -0.51
738 -0.51
739 -0.51
741 -0.51
743 -0.51
744 -0.53
746 -0.51
748 -0.51
749 -0.51
751 -0.51
753 -0.51
754 -0.53
756 -0.51
758 -0.51
759 -0.51
761 -0.51
763 -0.51
764 -0.53
766 -0.51
769 -0.51
770 -0.51
772 -0.51
774 -0.51
775 -0.53
777 -0.51
779 -0.51
780 -0.51
782 -0.51
784 -0.51
785 -0.53
787 -0.51
789 -0.51
790 -0.51
792 -0.51
794 -0.51
795 -0.53
797 -0.51
799 -0.51
800 -0.51
802 -0.51
804 -0.51
805 -0.53
807 -0.51
809 -0.51
811 -0.51
813 -0.51
814 -0.51
816 -0.53
818 -0.51
820 -0.51
821 -0.51
823 -0.51
824 -0.51
826 -0.53
828 -0.51
829 -0.51
831 -0.51
833 -0.51
834 -0.51
836 -0.53
838 -0.51
839 -0.51
841 -0.51
843 -0.51
844 -0.51
846 -0.53
848 -0.51
849 -0.51
851 -0.51
854 -0.51
855 -0.51
857 -0.53
859 -0.51
860 -0.51
862 -0.51
864 -0.51
865 -0.51
867 -0.53
869 -0.51
870 -0.51
872 -0.51
874 -0.51
875 -0.51
877 -0.51
879 -0.51
880 -0.51
882 -0.52
884 -0.52
885 -0.52
887 -0.52
889 -0.52
890 -0.52
892 -0.52
894 -0.52
896 -0.52
898 -0.52
900 -0.52
901 -0.52
903 -0.52
905 -0.52
906 -0.52
908 -0.53
909 -0.51
911 -0.51
913 -0.51
914 -0.51
916 -0.51
918 -0.53
919 -0.51
921 -0.51
923 -0.51
924 -0.51
926 -0.51
928 -0.53
929 -0.51
931 -0.51
933 -0.51
934 -0.51
936 -0.51
939 -0.53
940 -0.51
942 -0.51
944 -0.51
945 -0.51
947 -0.51
949 -0.51
950 -0.51
952 -0.51
954 -0.51
955 -0.51
957 -0.51
959 -0.53
960 -0.51
962 -0.51
964 -0.51
965 -0.51
967 -0.51
969 -0.53
970 -0.51
972 -0.51
974 -0.51
975 -0.51
977 -0.52
979 -0.53
980 -0.51
983 -0.51
985 -0.51
986 -0.51
988 -0.51
990 -0.53
991 -0.51
993 -0.51
994 -0.51
996 -0.51
998 -0.51
999 -0.51
1001 -0.51
1003 -0.51
1005 -0.51
1007 -0.51
1008 -0.51
1010 -0.52
1012 -0.52
1014 -0.51
1016 -0.52
1018 -0.52
1019 -0.53
1021 -0.51
1024 -0.51
1026 -0.51
1028 -0.51
1029 -0.51
1031 -0.51
1033 -0.51
1035 -0.51
1037 -0.51
1039 -0.52
1040 -0.51
1042 -0.53
1044 -0.51
1046 -0.51
1048 -0.51
1050 -0.51
1051 -0.51
1053 -0.51
1055 -0.51
1057 -0.51
1059 -0.51
1061 -0.51
1062 -0.51
1064 -0.53
1067 -0.51
1069 -0.51
1071 -0.51
1073 -0.51
1074 -0.51
1076 -0.51
1078 -0.51
1080 -0.51
1082 -0.51
1083 -0.51
1085 -0.51
1087 -0.53
1089 -0.50
1091 -0.52
1093 -0.51
1094 -0.51
1096 -0.52
1098 -0.51
1100 -0.52
1102 -0.52
1104 -0.52
1105 -0.51
1107 -0.52
1110 -0.53
1112 -0.50
1114 -0.52
1116 -0.52
1117 -0.52
1119 -0.52
1121 -0.52
1123 -0.52
1125 -0.52
1126 -0.52
1128 -0.52
1130 -0.52
1132 -0.51
1134 -0.52
1136 -0.51
1137 -0.51
1139 -0.51
1141 -0.51
1143 -0.51
1145 -0.51
1147 -0.51
1148 -0.51
1150 -0.51
1153 -0.51
1155 -0.51
1157 -0.52
1159 -0.51
1160 -0.51
1162 -0.51
1164 -0.51
1166 -0.51
1168 -0.51
1169 -0.51
1171 -0.51
1173 -0.51
1175 -0.51
1177 -0.53
1179 -0.51
1180 -0.51
1182 -0.51
1184 -0.51
1186 -0.51
1188 -0.51
1190 -0.51
1191 -0.51
1193 -0.51
1196 -0.51
1198 -0.51
1200 -0.51
1202 -0.51
1203 -0.51
1205 -0.51
1207 -0.51
1209 -0.51
1211 -0.51
1212 -0.51
1214 -0.51
1216 -0.51
1218 -0.51
1220 -0.51
1222 -0.53
1223 -0.51
1225 -0.51
1227 -0.51
1229 -0.51
1231 -0.51
1233 -0.51
1234 -0.51
1236 -0.51
1239 -0.51
1241 -0.51
1243 -0.51
1245 -0.51
1246 -0.51
1248 -0.51
1250 -0.51
1252 -0.51
1254 -0.51
1255 -0.51
1257 -0.51
1259 -0.51
1261 -0.51
1263 -0.51
1265 -0.51
1266 -0.53
1268 -0.51
1270 -0.51
1272 -0.51
1274 -0.51
1276 -0.51
1277 -0.51
1280 -0.51
1282 -0.51
1284 -0.51
1286 -0.51
1288 -0.51
1289 -0.51
1291 -0.51
1293 -0.51
1295 -0.51
1297 -0.51
1298 -0.51
1300 -0.51
1302 -0.51
1304 -0.51
1306 -0.51
1308 -0.51
1309 -0.51
1311 -0.53
1313 -0.51
1315 -0.51
1317 -0.51
1319 -0.51
1320 -0.51
1323 -0.51
1325 -0.51
1327 -0.51
1329 -0.51
1331 -0.51
1332 -0.51
1334 -0.53
1336 -0.51
1338 -0.51
1340 -0.51
1341 -0.51
1343 -0.51
1345 -0.51
1347 -0.51
1349 -0.51
1351 -0.51
1352 -0.51
1354 -0.51
1356 -0.53
1358 -0.50
1360 -0.51
1362 -0.51
1363 -0.51
1366 -0.51
1368 -0.51
1370 -0.51
1372 -0.51
1374 -0.51
1375 -0.51
1377 -0.51
1379 -0.53
1381 -0.50
1383 -0.52
1384 -0.52
1386 -0.51
1388 -0.51
1390 -0.51
1392 -0.51
1394 -0.51
1395 -0.51
1397 -0.51
1399 -0.51
1401 -0.51
1403 -0.52
1405 -0.51
1406 -0.51
1409 -0.51
1411 -0.51
1413 -0.51
1415 -0.51
1417 -0.51
1418 -0.51
1420 -0.51
1422 -0.51
1424 -0.51
1426 -0.52
1428 -0.51
1429 -0.51
1431 -0.51
1433 -0.51
1435 -0.51
1437 -0.51
1438 -0.51
1440 -0.51
1442 -0.51
1444 -0.51
1446 -0.51
1448 -0.52
1449 -0.51
1452 -0.51
1454 -0.51
1456 -0.51
1458 -0.51
1460 -0.51
1461 -0.51
1463 -0.51
1465 -0.51
1467 -0.51
1469 -0.53
1470 -0.51
1472 -0.51
1474 -0.51
1476 -0.51
1478 -0.51
1480 -0.51
1481 -0.51
1483 -0.51
1485 -0.51
1487 -0.51
1489 -0.51
1491 -0.53
1492 -0.51
1495 -0.51
1497 -0.51
1499 -0.51
1501 -0.51
1503 -0.51
1504 -0.51
1506 -0.51
1508 -0.51
1510 -0.51
1512 -0.51
1514 -0.51
1515 -0.51
1517 -0.51
1519 -0.51
1521 -0.51
1523 -0.51
1524 -0.51
1526 -0.51
1528 -0.51
1530 -0.51
1532 -0.51
1534 -0.51
1536 -0.53
1538 -0.51
1540 -0.51
1542 -0.51
1544 -0.51
1546 -0.51
1547 -0.51
1549 -0.51
1551 -0.51
1553 -0.51
1555 -0.51
1556 -0.51
1558 -0.53
1560 -0.51
1562 -0.51
1564 -0.51
1566 -0.51
1567 -0.51
1569 -0.51
1571 -0.51
1573 -0.51
1575 -0.51
1577 -0.51
1579 -0.51
1581 -0.53
1583 -0.51
1585 -0.51
1587 -0.51
1589 -0.51
1590 -0.51
1592 -0.51
1594 -0.51
1596 -0.51
1598 -0.51
1599 -0.51
1601 -0.51
1603 -0.53
1605 -0.51
1607 -0.51
1609 -0.51
1610 -0.51
1612 -0.51
1614 -0.51
1616 -0.51
1618 -0.51
1620 -0.51
1622 -0.51
1624 -0.51
1626 -0.53
1628 -0.50
1630 -0.52
1632 -0.52
1633 -0.52
1635 -0.52
1637 -0.51
1639 -0.52
1641 -0.52
1642 -0.52
1644 -0.51
1646 -0.51
1648 -0.53
1650 -0.51
1652 -0.51
1653 -0.51
1655 -0.51
1657 -0.51
1659 -0.51
1661 -0.51
1664 -0.51
1665 -0.51
1667 -0.51
1669 -0.51
1671 -0.51
1673 -0.51
1675 -0.51
1676 -0.51
1678 -0.51
1680 -0.51
1682 -0.51
1684 -0.51
1685 -0.51
1687 -0.51
1689 -0.51
1691 -0.51
1693 -0.53
1695 -0.51
1696 -0.51
1698 -0.51
1700 -0.51
1702 -0.51
1704 -0.51
1707 -0.51
1708 -0.51
1710 -0.51
1712 -0.51
1714 -0.51
1716 -0.53
1718 -0.51
1719 -0.51
1721 -0.51
1723 -0.51
1725 -0.51
1727 -0.51
1729 -0.51
1730 -0.51
1732 -0.51
1734 -0.51
1736 -0.51
1738 -0.53
1739 -0.51
1741 -0.51
1743 -0.51
1745 -0.51
1747 -0.51
1750 -0.51
1751 -0.51
1753 -0.51
1755 -0.51
1757 -0.52
1759 -0.51
1761 -0.53
1762 -0.51
1764 -0.51
1766 -0.51
1768 -0.51
1770 -0.51
1771 -0.51