0 -0.90
1 -0.90
1 -0.90
2 -0.90
3 -0.90
4 -0.90
4 -0.90
5 -0.90
6 -0.90
7 -0.90
8 -0.90
8 -0.90
9 -0.90
10 -0.90
11 -0.90
12 -0.90
12 -0.90
13 -0.90
15 -0.90
16 -0.90
17 -0.90
19 -0.90
20 -0.89
22 -0.89
23 -0.89
25 -0.89
26 -0.89
28 -0.89
29 -0.89
31 -0.89
32 -0.89
34 -0.89
35 -0.89
37 -0.89
38 -0.88
40 -0.88
41 -0.88
44 -0.88
45 -0.88
47 -0.88
48 -0.88
50 -0.88
51 -0.88
53 -0.88
54 -0.88
56 -0.88
57 -0.88
59 -0.88
60 -0.88
62 -0.88
63 -0.88
65 -0.88
66 -0.88
68 -0.88
69 -0.88
71 -0.88
72 -0.88
74 -0.88
75 -0.87
77 -0.87
78 -0.87
80 -0.87
81 -0.87
83 -0.87
84 -0.87
87 -0.87
88 -0.86
90 -0.86
91 -0.86
93 -0.86
94 -0.86
96 -0.86
97 -0.86
99 -0.85
100 -0.85
102 -0.85
103 -0.85
105 -0.85
107 -0.85
108 -0.84
110 -0.84
112 -0.84
113 -0.84
115 -0.84
117 -0.84
118 -0.83
120 -0.83
122 -0.83
123 -0.83
125 -0.83
128 -0.82
129 -0.82
131 -0.82
133 -0.82
134 -0.81
136 -0.81
138 -0.80
139 -0.80
141 -0.80
143 -0.79
144 -0.79
146 -0.79
148 -0.78
149 -0.78
151 -0.77
153 -0.77
154 -0.77
156 -0.76
158 -0.76
159 -0.76
161 -0.75
163 -0.75
164 -0.75
166 -0.74
168 -0.74
169 -0.74
172 -0.74
174 -0.73
175 -0.73
177 -0.73
179 -0.73
180 -0.73
182 -0.72
184 -0.72
185 -0.72
187 -0.72
189 -0.72
190 -0.71
192 -0.71
193 -0.71
195 -0.71
197 -0.71
198 -0.70
200 -0.70
202 -0.70
203 -0.69
205 -0.69
207 -0.69
208 -0.68
210 -0.68
212 -0.68
214 -0.67
216 -0.67
218 -0.66
219 -0.66
221 -0.65
223 -0.65
224 -0.64
226 -0.64
228 -0.64
229 -0.63
231 -0.63
233 -0.62
234 -0.62
236 -0.61
238 -0.61
239 -0.60
241 -0.60
243 -0.60
244 -0.60
246 -0.59
248 -0.58
249 -0.58
251 -0.58
253 -0.57
254 -0.58
257 -0.56
259 -0.56
260 -0.56
262 -0.56
264 -0.55
265 -0.56
267 -0.55
269 -0.54
270 -0.54
272 -0.54
274 -0.53
275 -0.54
277 -0.53
279 -0.52
280 -0.52
282 -0.52
283 -0.52
285 -0.51
287 -0.51
288 -0.51
290 -0.51
292 -0.50
293 -0.50
295 -0.50
297 -0.50
299 -0.49
301 -0.49
303 -0.49
304 -0.49
306 -0.48
308 -0.48
309 -0.48
311 -0.48
313 -0.48
314 -0.47
316 -0.47
318 -0.47
319 -0.47
321 -0.47
323 -0.47
324 -0.46
326 -0.45
328 -0.46
329 -0.46
331 -0.46
333 -0.46
334 -0.45
336 -0.44
338 -0.45
339 -0.45
342 -0.45
344 -0.45
345 -0.45
347 -0.44
349 -0.44
350 -0.44
352 -0.44
354 -0.44
355 -0.44
357 -0.43
359 -0.44
360 -0.44
362 -0.44
363 -0.44
365 -0.44
367 -0.43
368 -0.44
370 -0.44
372 -0.43
373 -0.43
375 -0.43
377 -0.42
378 -0.43
380 -0.43
382 -0.43
384 -0.43
386 -0.43
388 -0.42
389 -0.43
391 -0.43
393 -0.43
394 -0.43
396 -0.43
398 -0.42
399 -0.43
401 -0.43
403 -0.43
404 -0.43
406 -0.43
408 -0.42
409 -0.43
411 -0.43
413 -0.43
414 -0.43
416 -0.43
418 -0.42
419 -0.43
421 -0.43
423 -0.43
424 -0.43
427 -0.43
429 -0.42
430 -0.43
432 -0.43
434 -0.43
435 -0.43
437 -0.43
439 -0.42
440 -0.43
442 -0.43
443 -0.43
445 -0.43
447 -0.43
449 -0.42
450 -0.43
452 -0.43
453 -0.43
455 -0.43
457 -0.43
458 -0.42
460 -0.43
462 -0.43
463 -0.43
465 -0.43
467 -0.43
468 -0.42
471 -0.43
473 -0.43
474 -0.43
476 -0.43
478 -0.43
479 -0.42
481 -0.43
483 -0.43
484 -0.43
486 -0.43
488 -0.43
489 -0.42
491 -0.43
493 -0.43
494 -0.43
496 -0.43
498 -0.43
499 -0.42
501 -0.43
503 -0.43
504 -0.43
506 -0.43
508 -0.43
509 -0.42
512 -0.43
514 -0.43
515 -0.43
517 -0.43
519 -0.43
520 -0.42
522 -0.43
524 -0.43
525 -0.43
527 -0.43
529 -0.43
530 -0.42
532 -0.43
533 -0.43
535 -0.43
537 -0.43
538 -0.43
540 -0.42
542 -0.43
543 -0.43
545 -0.43
547 -0.43
548 -0.43
550 -0.42
552 -0.43
553 -0.43
556 -0.43
558 -0.43
559 -0.43
561 -0.42
563 -0.43
564 -0.43
566 -0.43
568 -0.43
569 -0.43
571 -0.42
573 -0.43
574 -0.43
576 -0.43
578 -0.43
579 -0.43
581 -0.42
583 -0.43
584 -0.43
586 -0.43
588 -0.43
589 -0.43
591 -0.42
593 -0.43
594 -0.43
596 -0.43
599 -0.43
600 -0.43
602 -0.42
604 -0.43
605 -0.43
607 -0.43
609 -0.43
610 -0.43
612 -0.42
614 -0.43
615 -0.43
617 -0.43
618 -0.43
620 -0.43
622 -0.42
624 -0.43
625 -0.43
627 -0.43
628 -0.43
630 -0.43
632 -0.42
633 -0.43
635 -0.43
637 -0.43
638 -0.43
641 -0.43
643 -0.42
644 -0.43
646 -0.43
648 -0.43
649 -0.43
651 -0.43
653 -0.42
654 -0.43
656 -0.43
658 -0.43
659 -0.43
661 -0.43
663 -0.42
664 -0.43
666 -0.43
668 -0.43
669 -0.43
671 -0.43
673 -0.42
674 -0.43
676 -0.43
678 -0.43
679 -0.43
681 -0.43
684 -0.42
685 -0.43
687 -0.43
689 -0.43
690 -0.43
692 -0.43
694 -0.42
695 -0.43
697 -0.43
699 -0.43
700 -0.43
702 -0.43
704 -0.42
705 -0.43
707 -0.43
709 -0.43
710 -0.43
712 -0.43
713 -0.42
715 -0.43
717 -0.43
718 -0.43
720 -0.43
722 -0.43
723 -0.42
726 -0.43
728 -0.43
729 -0.43
731 -0.43
733 -0.43
734 -0.42
736 -0.43
738 -0.43
739 -0.43
741 -0.43
743 -0.43
744 -0.42
746 -0.43
748 -0.43
749 -0.43
751 -0.43
753 -0.43
754 -0.42
756 -0.43
758 -0.43
759 -0.43
761 -0.43
763 -0.43
764 -0.42
766 -0.43
769 -0.43
770 -0.43
772 -0.43
774 -0.43
775 -0.42
777 -0.43
779 -0.43
780 -0.43
782 -0.43
784 -0.43
785 -0.42
787 -0.43
789 -0.43
790 -0.43
792 -0.43
793 -0.43
795 -0.42
797 -0.43
798 -0.43
800 -0.43
802 -0.43
803 -0.43
805 -0.42
807 -0.43
808 -0.43
811 -0.43
813 -0.43
814 -0.43
816 -0.42
818 -0.43
819 -0.43
821 -0.43
823 -0.43
824 -0.43
826 -0.42
828 -0.43
829 -0.43
831 -0.43
833 -0.43
834 -0.43
836 -0.42
838 -0.43
839 -0.43
841 -0.43
843 -0.43
844 -0.43
846 -0.42
848 -0.43
849 -0.43
851 -0.43
854 -0.43
855 -0.43
857 -0.43
859 -0.43
860 -0.43
862 -0.43
864 -0.43
865 -0.43
867 -0.42
869 -0.43
870 -0.43
872 -0.43
874 -0.43
875 -0.43
877 -0.42
879 -0.43
880 -0.43
882 -0.43
883 -0.43
885 -0.43
887 -0.42
888 -0.43
890 -0.43
892 -0.43
893 -0.43
896 -0.43
898 -0.42
899 -0.43
901 -0.43
903 -0.43
904 -0.43
906 -0.43
908 -0.42
909 -0.43
911 -0.43
913 -0.43
914 -0.43
916 -0.43
918 -0.42
919 -0.43
921 -0.43
923 -0.43
924 -0.43
926 -0.43
928 -0.42
929 -0.43
931 -0.43
933 -0.43
934 -0.43
936 -0.43
939 -0.42
940 -0.43
942 -0.43
944 -0.43
945 -0.43
947 -0.43
949 -0.42
950 -0.43
952 -0.43
954 -0.43
955 -0.43
957 -0.43
959 -0.42
960 -0.43
962 -0.43
964 -0.43
965 -0.43
967 -0.43
969 -0.42
970 -0.43
972 -0.43
973 -0.43
975 -0.43
977 -0.43
978 -0.42
980 -0.43
983 -0.43
984 -0.43
986 -0.43
988 -0.43
989 -0.42
991 -0.43
993 -0.43
994 -0.43
996 -0.43
998 -0.43
999 -0.42
1001 -0.43
1003 -0.43
1005 -0.43
1007 -0.43
1008 -0.43
1010 -0.43
1012 -0.43
1014 -0.43
1016 -0.43
1017 -0.43
1019 -0.42
1021 -0.43
1024 -0.43
1026 -0.43
1028 -0.43
1029 -0.43
1031 -0.43
1033 -0.43
1035 -0.43
1037 -0.43
1039 -0.43
1040 -0.43
1042 -0.42
1044 -0.43
1046 -0.43
1048 -0.43
1050 -0.43
1051 -0.43
1053 -0.43
1055 -0.43
1057 -0.43
1059 -0.43
1060 -0.43
1062 -0.43
1064 -0.42
1067 -0.43
1069 -0.43
1071 -0.43
1072 -0.43
1074 -0.43
1076 -0.43
1078 -0.43
1080 -0.43
1082 -0.43
1083 -0.43
1085 -0.43
1087 -0.42
1089 -0.43
1091 -0.43
1093 -0.43
1094 -0.43
1096 -0.43
1098 -0.43
1100 -0.43
1102 -0.43
1103 -0.43
1105 -0.43
1107 -0.43
1110 -0.42
1112 -0.43
1114 -0.43
1115 -0.43
1117 -0.43
1119 -0.43
1121 -0.43
1123 -0.43
1125 -0.43
1126 -0.43
1128 -0.43
1130 -0.43
1132 -0.42
1134 -0.43
1136 -0.43
1137 -0.43
1139 -0.43
1141 -0.43
1143 -0.43
1145 -0.43
1147 -0.43
1148 -0.43
1150 -0.43
1153 -0.43
1155 -0.42
1157 -0.43
1158 -0.43
1160 -0.43
1162 -0.43
1164 -0.43
1166 -0.43
1168 -0.43
1169 -0.43
1171 -0.43
1173 -0.43
1175 -0.43
1177 -0.42
1179 -0.43
1180 -0.43
1182 -0.43
1184 -0.43
1186 -0.43
1188 -0.43
1190 -0.43
1191 -0.43
1193 -0.43
1196 -0.43
1198 -0.43
1200 -0.42
1201 -0.43
1203 -0.43
1205 -0.43
1207 -0.43
1209 -0.43
1211 -0.43
1212 -0.43
1214 -0.43
1216 -0.43
1218 -0.43
1220 -0.43
1222 -0.42
1223 -0.43
1225 -0.43
1227 -0.43
1229 -0.43
1231 -0.43
1232 -0.43
1234 -0.43
1236 -0.43
1239 -0.43
1241 -0.43
1243 -0.43
1244 -0.42
1246 -0.43
1248 -0.43
1250 -0.43
1252 -0.43
1254 -0.43
1255 -0.43
1257 -0.43
1259 -0.43
1261 -0.43
1263 -0.43
1265 -0.43
1266 -0.42
1268 -0.43
1270 -0.43
1272 -0.43
1274 -0.43
1275 -0.43
1277 -0.43
1280 -0.43
1282 -0.43
1284 -0.43
1286 -0.43
1287 -0.43
1289 -0.42
1291 -0.43
1293 -0.43
1295 -0.43
1297 -0.43
1298 -0.43
1300 -0.43
1302 -0.43
1304 -0.43
1306 -0.43
1308 -0.43
1309 -0.43
1311 -0.42
1313 -0.43
1315 -0.43
1317 -0.43
1318 -0.43
1320 -0.43
1323 -0.43
1325 -0.43
1327 -0.43
1329 -0.43
1330 -0.43
1332 -0.43
1334 -0.42
1336 -0.43
1338 -0.43
1340 -0.43
1341 -0.43
1343 -0.43
1345 -0.43
1347 -0.43
1349 -0.43
1351 -0.43
1352 -0.43
1354 -0.43
1356 -0.42
1358 -0.43
1360 -0.43
1361 -0.43
1363 -0.43
1366 -0.43
1368 -0.43
1370 -0.43
1372 -0.43
1373 -0.43
1375 -0.43
1377 -0.43
1379 -0.43
1381 -0.43
1383 -0.43
1384 -0.43
1386 -0.43
1388 -0.43
1390 -0.43
1392 -0.43
1394 -0.43
1395 -0.43
1397 -0.43
1399 -0.43
1401 -0.42
1403 -0.43
1404 -0.43
1406 -0.43
1409 -0.43
1411 -0.43
1413 -0.43
1415 -0.43
1416 -0.43
1418 -0.43
1420 -0.43
1422 -0.43
1424 -0.42
1426 -0.43
1427 -0.43
1429 -0.43
1431 -0.43
1433 -0.43
1435 -0.43
1437 -0.43
1438 -0.43
1440 -0.43
1442 -0.43
1444 -0.43
1446 -0.42
1448 -0.43
1449 -0.43
1452 -0.43
1454 -0.43
1456 -0.43
1458 -0.43
1459 -0.43
1461 -0.43
1463 -0.43
1465 -0.43
1467 -0.43
1469 -0.42
1470 -0.43
1472 -0.43
1474 -0.43
1476 -0.43
1478 -0.43
1480 -0.43
1481 -0.43
1483 -0.43
1485 -0.43
1487 -0.43
1489 -0.43
1491 -0.42
1492 -0.43
1495 -0.43
1497 -0.43
1499 -0.43
1501 -0.43
1502 -0.43
1504 -0.43
1506 -0.43
1508 -0.43
1510 -0.43
1512 -0.43
1513 -0.42
1515 -0.43
1517 -0.43
1519 -0.43
1521 -0.43
1523 -0.43
1524 -0.43
1526 -0.43
1528 -0.43
1530 -0.43
1532 -0.43
1533 -0.43
1536 -0.42
1538 -0.43
1540 -0.43
1542 -0.43
1544 -0.43
1545 -0.43
1547 -0.43
1549 -0.43
1551 -0.43
1553 -0.43
1555 -0.43
1556 -0.43
1558 -0.42
1560 -0.43
1562 -0.43
1564 -0.43
1566 -0.43
1567 -0.43
1569 -0.43
1571 -0.43
1573 -0.43
1575 -0.43
1576 -0.43
1579 -0.43
1581 -0.42
1583 -0.43
1585 -0.43
1587 -0.43
1588 -0.43
1590 -0.43
1592 -0.43
1594 -0.43
1596 -0.43
1598 -0.43
1599 -0.43
1601 -0.43
1603 -0.42
1605 -0.43
1607 -0.43
1609 -0.43
1610 -0.43
1612 -0.43
1614 -0.43
1616 -0.43
1618 -0.43
1619 -0.43
1622 -0.43
1624 -0.43
1626 -0.42
1628 -0.43
1630 -0.43
1631 -0.43
1633 -0.43
1635 -0.43
1637 -0.43
1639 -0.43
1641 -0.43
1642 -0.43
1644 -0.43
1646 -0.43
1648 -0.42
1650 -0.43
1652 -0.43
1653 -0.43
1655 -0.43
1657 -0.43
1659 -0.43
1661 -0.43
1662 -0.43
1665 -0.43
1667 -0.43
1669 -0.43
1671 -0.42
1673 -0.43
1674 -0.43
1676 -0.43
1678 -0.43
1680 -0.43
1682 -0.43
1684 -0.43
1685 -0.43
1687 -0.43
1689 -0.43
1691 -0.43
1693 -0.42
1695 -0.43
1696 -0.43
1698 -0.43
1700 -0.43
1702 -0.43
1704 -0.43
1705 -0.43
1708 -0.43
1710 -0.43
1712 -0.43
1714 -0.43
1716 -0.42
1717 -0.43
1719 -0.43
1721 -0.43
1723 -0.43
1725 -0.43
1727 -0.43
1728 -0.43
1730 -0.43
1732 -0.43
1734 -0.43
1736 -0.43
1738 -0.42
1739 -0.43
1741 -0.43
1743 -0.43
1745 -0.43
1747 -0.43
1750 -0.43
1751 -0.43
1753 -0.43
1755 -0.43
1757 -0.43
1759 -0.43
1760 -0.42
1762 -0.43
1764 -0.43
1766 -0.43
1768 -0.43
1770 -0.43
1771 -0.43
1773 -0.43
1775 -0.43
1777 -0.43
1779 -0.43
1781 -0.43
1782 -0.42
1784 -0.43
1786 -0.43
1788 -0.43
1790 -0.43
1793 -0.43
1794 -0.43
1796 -0.43
1798 -0.43
1800 -0.43
1802 -0.43
1803 -0.43
1805 -0.42
1807 -0.43
1809 -0.43
1811 -0.43
1813 -0.43
1814 -0.43
1816 -0.43
1818 -0.43
1820 -0.43
1822 -0.43
1824 -0.43
1825 -0.43
1827 -0.42
1829 -0.43
1831 -0.43
1833 -0.43
1836 -0.43
1837 -0.43