0 -1.40 
1 -1.40 
2 -1.40 
3 -1.40 
4 -1.40 
5 -1.40 
7 -1.40 
8 -1.40 
9 -1.40 
10 -1.40 
12 -1.39 
14 -1.39 
16 -1.39 
18 -1.39 
21 -1.38 
23 -1.38 
25 -1.37 
28 -1.37 
30 -1.37 
32 -1.36 
35 -1.36 
37 -1.36 
39 -1.35 
43 -1.35 
45 -1.35 
47 -1.35 
50 -1.49 
52 -1.33 
54 -1.32 
57 -1.32 
59 -1.32 
61 -1.32 
64 -1.31 
66 -1.31 
68 -1.31 
71 -1.30 
73 -1.30 
75 -1.29 
78 -1.29 
80 -1.29 
82 -1.28 
84 -1.27 
88 -1.27 
90 -1.26 
92 -1.26 
95 -1.25 
97 -1.23 
99 -1.22 
102 -1.21 
104 -1.18 
107 -1.16 
109 -1.14 
112 -1.11 
114 -1.09 
117 -1.07 
119 -1.05 
122 -1.04 
124 -1.03 
128 -1.02 
130 -1.01 
133 -1.01 
135 -1.01 
138 -1.01 
140 -1.01 
143 -1.00 
145 -1.00 
148 -1.00 
150 -0.99 
153 -0.98 
155 -0.98 
158 -0.97 
160 -0.96 
163 -0.95 
165 -0.94 
167 -0.93 
171 -0.11 
173 -0.10 
176 -0.08 
178 -0.07 
181 -0.05 
183 -0.04 
186 -0.03 
188 -0.01 
191 -0.00
193 0.01 
196 0.02 
198 0.03 
200 0.03 
203 0.04 
205 0.05 
207 0.05 
210 0.06 
212 0.08 
215 0.07 
218 0.08 
220 0.08 
222 0.09 
225 0.10 
227 0.11 
229 0.11 
232 0.12 
234 0.13 
236 0.14 
239 0.15 
241 0.16 
243 0.17 
245 0.19 
248 0.20 
250 0.21 
252 0.22 
256 0.23 
258 0.24 
260 0.25 
263 0.26 
265 0.27 
267 0.28 
270 0.29 
272 0.30 
274 0.31 
277 0.32 
279 0.33 
281 0.34 
284 0.35 
286 0.35 
288 0.36 
291 0.37 
293 0.38 
295 0.39 
299 0.39 
301 0.40 
303 0.41 
306 0.42 
308 0.42 
310 0.43 
313 0.44 
315 0.44 
317 0.45 
320 0.46 
322 0.46 
324 0.47 
327 0.47 
329 0.48 
331 0.48 
334 0.49 
336 0.50 
338 0.49 
340 0.50 
344 0.50 
346 0.51 
348 0.51 
351 0.52 
353 0.52 
355 0.52 
358 0.53 
360 0.53 
362 0.53 
365 0.54 
367 0.54 
369 0.54 
372 0.54 
374 0.55 
376 0.55 
379 0.55 
381 0.55 
384 0.56 
387 0.56 
389 0.56 
391 0.56 
394 0.56 
396 0.57 
398 0.57 
401 0.57 
403 0.57 
405 0.57 
408 0.57 
410 0.57 
412 0.57 
415 0.58 
417 0.58 
419 0.58 
421 0.58 
424 0.58 
427 0.58 
429 0.58 
432 0.58 
434 0.58 
436 0.58 
439 0.58 
441 0.58 
443 0.58 
446 0.58 
448 0.58 
450 0.58 
453 0.58 
455 0.58 
457 0.58 
460 0.58 
462 0.58 
464 0.58 
467 0.58 
470 0.58 
472 0.58 
475 0.57 
477 0.57 
479 0.57 
482 0.56 
484 0.56 
486 0.55 
489 0.54 
491 0.53 
493 0.53 
496 0.52 
498 0.51 
500 0.50 
503 0.49 
505 0.48 
507 -0.33 
510 -0.33 
513 -0.34 
516 -0.35 
518 -0.35 
521 -0.36 
523 -0.36 
526 -0.36 
528 -0.37 
531 -0.37 
533 -0.37 
536 -0.38 
538 -0.38 
541 -0.38 
543 -0.38 
546 -0.38 
548 -0.38 
551 -0.39 
553 -0.39 
556 -0.39 
559 -0.39 
561 -0.39 
564 -0.40 
566 -0.40 
569 -0.41 
571 -0.41 
574 -0.42 
576 -0.42 
579 -0.43 
581 -0.44 
584 -0.44 
586 -0.45 
589 -0.45 
591 -0.46 
594 -0.46 
596 -0.47 
600 -0.47 
602 -0.47 
605 -0.48 
607 -0.48 
610 -0.48 
612 -0.48 
615 -0.49 
617 -0.49 
620 -0.49 
622 -0.49 
625 -0.49 
627 -0.50 
630 -0.50 
632 -0.50 
635 -0.50 
637 -0.51 
641 -0.51 
643 -0.51 
646 -0.52 
648 -0.52 
651 -0.52 
653 -0.53 
656 -0.53 
658 -0.53 
661 -0.54 
663 -0.54 
666 -0.55 
668 -0.55 
671 -0.56 
673 -0.56 
676 -0.57 
678 -0.57 
680 -0.58 
684 -0.58 
686 -0.59 
689 -0.59 
691 -0.60 
694 -0.60 
696 -0.61 
699 -0.61 
701 -0.61 
704 -0.62 
706 -0.62 
709 -0.62 
711 -0.63 
714 -0.63 
716 -0.63 
719 -0.63 
721 -0.63 
724 -0.64 
727 -0.64 
730 -0.64 
732 -0.64 
735 -0.64 
737 -0.65 
740 -0.65 
742 -0.65 
745 -0.65 
747 -0.65 
750 -0.65 
752 -0.65 
755 -0.65 
757 -0.66 
760 -0.66 
762 -0.66 
765 -0.66 
768 -0.66 
771 -0.66 
773 -0.66 
776 -0.66 
778 -0.66 
781 -0.66 
783 -0.66 
786 -0.66 
788 -0.66 
791 -0.66 
793 -0.66 
796 -0.67 
798 -0.67 
801 -0.67 
803 -0.67 
806 -0.67 
808 -0.67 
811 -0.67 
814 -0.67 
816 -0.67 
819 -0.67 
821 -0.67 
824 -0.67 
826 -0.67 
829 -0.67 
831 -0.67 
834 -0.69 
836 -0.67 
839 -0.67 
841 -0.67 
844 -0.69 
846 -0.67 
849 -0.67 
851 -0.67 
855 -0.69 
857 -0.67 
860 -0.67 
862 -0.67 
865 -0.67 
867 -0.67 
870 -0.67 
872 -0.67 
875 -0.67 
877 -0.67 
880 -0.67 
882 -0.67 
885 -0.67 
887 -0.67 
890 -0.67 
892 -0.67 
896 -0.67 
898 -0.67 
901 -0.67 
903 -0.67 
906 -0.67 
908 -0.67 
911 -0.67 
913 -0.67 
916 -0.67 
918 -0.67 
921 -0.67 
923 -0.67 
926 -0.67 
928 -0.67 
931 -0.67 
933 -0.67 
936 -0.67 
939 -0.67 
941 -0.67 
944 -0.67 
946 -0.67 
949 -0.67 
951 -0.67 
954 -0.67 
956 -0.67 
959 -0.67 
961 -0.67 
964 -0.67 
966 -0.67 
969 -0.67 
971 -0.68 
974 -0.67 
976 -0.67 
979 -0.67 
982 -0.67 
985 -0.68 
987 -0.67 
990 -0.67 
992 -0.68 
995 -0.67 
997 -0.67 
1000 -0.68 
1002 -0.67 
1005 -0.68 
1008 -0.68 
1010 -0.67 
1013 -0.68 
1016 -0.68 
1018 -0.67 
1021 -0.68 
1025 -0.68 
1027 -0.67 
1030 -0.68 
1033 -0.68 
1035 -0.68 
1038 -0.68 
1041 -0.68 
1043 -0.68 
1046 -0.68 
1049 -0.68 
1051 -0.68 
1054 -0.68 
1057 -0.68 
1059 -0.68 
1062 -0.68 
1065 -0.68 
1068 -0.68 
1071 -0.68 
1073 -0.68 
1076 -0.68 
1079 -0.68 
1081 -0.68 
1084 -0.68 
1087 -0.68 
1089 -0.68 
1092 -0.68 