0 -14.70
1 -14.70
1 -14.70
2 -14.70
3 -14.69
4 -14.67
5 -14.61
5 -14.54
6 -14.45
7 -14.33
8 -14.23
9 -14.09
10 -14.00
10 -13.84
11 -13.61
13 -13.38
14 -13.01
16 -12.61
18 -12.17
19 -11.60
21 -10.94
23 -10.16
24 -9.20
26 -8.14
27 -7.20
29 -6.26
30 -5.46
32 -4.64
33 -3.96
35 -3.28
36 -2.43
38 -1.06
39 1.92
40 3.78
43 5.10
44 6.09
45 6.58
47 7.24
48 7.73
49 8.14
51 8.50
52 8.84
53 9.15
55 9.44
56 9.63
57 9.74
59 9.78
60 9.75
61 9.66
63 9.47
64 9.23
65 8.96
67 8.68
68 8.41
69 8.12
71 7.82
72 7.47
73 7.05
75 6.61
76 6.10
77 5.27
79 4.23
80 2.73
81 1.05
83 -1.70
84 -2.52
87 -3.14
88 -3.59
90 -4.14
91 -9.76
93 -14.46
94 -15.15
96 -15.86
98 -16.47
99 -16.99
101 -17.44
103 -17.86
105 -18.08
106 -18.15
108 -18.09
110 -17.89
112 -17.56
114 -17.08
115 -16.55
117 -16.03
119 -15.40
121 -14.78
123 -14.22
125 -13.46
126 -12.86
129 -12.21
131 -11.21
133 -9.63
135 -7.68
136 -6.06
138 -4.89
140 -3.82
141 -2.98
143 -1.97
145 -0.94
146 1.57
148 2.58
149 3.45
151 4.23
152 4.77
154 5.33
155 10.62
157 15.39
158 15.62
160 15.78
162 15.87
163 15.90
165 15.85
167 15.77
168 15.63
171 15.44
173 15.20
174 14.68
176 14.22
178 13.65
179 12.92
181 12.03
183 10.94
184 9.87
186 8.90
187 8.11
189 7.53
190 6.79
192 5.93
193 4.64
195 2.18
196 -1.39
198 -2.73
200 -3.53
201 -4.28
203 -5.20
205 -6.07
206 -7.20
208 -8.39
210 -9.49
211 -10.38
214 -11.16
216 -11.61
218 -12.03
220 -12.30
221 -12.45
223 -12.52
225 -12.48
227 -12.37
229 -12.16
231 -11.85
232 -11.51
234 -11.00
236 -10.32
238 -9.56
240 -8.62
241 -7.64
243 -6.77
244 -5.99
246 -5.25
248 -4.46
249 -3.69
251 -2.87
253 -1.49
254 1.14
257 3.03
258 4.32
260 5.52
261 6.55
263 7.20
264 7.88
266 8.38
267 8.88
269 9.48
270 9.97
272 10.41
274 10.77
275 11.02
277 11.15
279 11.09
280 10.92
282 10.64
284 10.27
285 9.82
287 9.32
288 8.81
290 8.41
291 7.94
293 7.50
294 7.05
296 6.45
297 5.58
300 4.75
301 2.40
303 -0.76
304 -2.27
306 -3.03
308 -3.65
309 -4.20
311 -5.02
313 -5.66
314 -6.50
316 -7.31
318 -8.10
319 -8.84
321 -9.41
323 -9.82
324 -10.12
326 -10.30
328 -10.33
330 -10.24
331 -10.01
333 -9.62
335 -9.20
337 -8.66
338 -8.01
340 -7.30
343 -6.60
344 -5.94
346 -5.32
348 -4.26
349 -4.03
351 -3.42
353 -2.60
354 -1.59
356 1.29
357 2.96
359 4.22
360 5.29
362 6.24
363 6.90
365 7.51
366 7.91
368 8.34
369 8.73
371 9.04
372 9.38
374 9.61
375 9.75
377 9.82
378 9.78
380 9.65
381 9.44
384 9.20
385 8.89
387 8.55
388 8.25
390 7.89
391 7.49
393 7.13
394 6.59
396 5.97
397 5.35
399 3.47
400 1.37
402 -1.40
403 -2.40
405 -3.11
407 -3.73
408 -4.28
410 -5.01
412 -5.85
413 -6.30
415 -7.00
417 -7.75
418 -8.37
420 -8.90
422 -9.26
423 -9.50
425 -9.61
428 -9.61
429 -9.49
431 -9.27
433 -8.94
434 -8.49
436 -7.96
438 -7.33
439 -6.72
441 -6.12
443 -5.53
444 -4.99
446 -4.34
448 -3.75
449 -3.06
451 -2.27
453 -1.16
454 1.77
456 3.43
457 4.51
459 5.51
460 6.41
462 6.98
463 7.56
465 7.98
466 8.31
468 8.65
470 8.94
472 9.20
473 9.38
475 9.47
476 9.50
478 9.43
479 9.29
481 9.08
482 8.82
484 8.56
485 8.25
487 7.92
488 7.60
490 7.19
491 6.75
493 6.23
494 5.30
496 4.26
497 2.41
499 -0.88
500 -2.11
502 -2.83
504 -3.39
505 -3.99
507 -4.55
508 -5.32
510 -5.93
513 -6.62
514 -7.26
516 -7.85
518 -8.43
519 -8.91
521 -9.20
523 -9.35
524 -9.39
526 -9.32
528 -9.15
529 -8.83
531 -8.41
533 -7.93
534 -7.39
536 -6.85
538 -6.29
539 -5.63
541 -5.07
543 -4.39
544 -3.88
546 -3.31
548 -2.62
549 -1.58
551 1.31
552 2.70
555 4.13
556 5.20
558 6.06
559 6.77
561 7.31
562 7.74
564 8.15
565 8.44
567 8.72
568 8.99
570 9.16
571 9.27
573 9.31
574 9.28
576 9.17
577 8.97
579 8.78
580 8.51
582 8.23
583 7.95
585 7.59
586 7.24
588 6.80
589 6.26
591 5.53
592 4.44
594 2.68
595 1.06
598 -1.79
599 -2.62
601 -3.21
603 -3.76
604 -4.40
606 -5.12
608 -5.69
609 -5.90
611 -7.01
613 -7.63
614 -8.27
616 -8.77
618 -9.10
619 -9.29
621 -9.38
623 -9.36
624 -9.21
626 -8.95
628 -8.58
629 -8.12
631 -7.60
633 -7.06
634 -6.44
636 -5.83
638 -5.27
640 -3.35
642 -4.09
644 -3.56
645 -2.89
647 -2.00
649 -0.76
650 2.21
652 3.76
653 4.77
655 5.65
656 6.90
658 6.96
659 7.60
661 7.96
662 8.30
664 8.60
665 8.83
667 9.04
668 9.18
670 9.22
671 9.22
673 9.13
674 8.99
676 8.78
677 8.54
679 8.30
680 7.99
683 7.68
684 7.33
686 6.88
687 6.49
689 4.67
690 4.67
692 3.27
693 1.33
695 -1.54
696 -2.46
698 -3.08
700 -3.63
701 -4.13
703 -4.90
705 -5.48
706 -6.11
708 -6.75
710 -7.35
711 -7.88
713 -8.34
715 -8.77
716 -9.01
718 -9.11
720 -9.10
721 -8.99
723 -8.77
724 -8.41
727 -7.95
729 -7.45
730 -6.95
732 -6.41
734 -5.86
735 -5.40
737 -7.14
739 -4.06
740 -3.07
742 -2.89
744 -2.08
745 -1.01
747 2.31
749 3.65
750 4.88
752 4.95
753 6.56
755 7.16
756 7.60
758 8.05
759 8.41
761 8.69
762 9.01
764 9.25
765 9.39
766 9.48
769 9.48
770 9.40
772 9.22
773 9.03
775 8.78
776 8.47
778 8.21
779 7.87
781 7.48
782 7.14
784 6.63
785 6.05
787 5.22
788 3.82
790 1.85
791 -1.05
793 -2.20
795 -2.99
796 -3.55
798 -4.09
800 -5.92
801 -5.40
803 -6.01
805 -6.58
806 -7.42
808 -7.99
811 -8.52
812 -8.92
814 -9.17
816 -9.30
817 -9.31
819 -9.21
821 -9.00
822 -8.68
824 -8.27
826 -7.74
827 -7.16
829 -6.61
831 -6.03
832 -5.47
834 -5.00
836 -4.33
837 -3.69
839 -3.06
841 -2.44
842 -1.24
844 1.62
845 3.30
847 4.51
848 5.39
850 6.17
851 6.91
854 7.43
855 7.90
857 8.22
858 8.54
860 8.83
861 9.04
863 9.22
864 9.32
866 9.34
867 9.28
869 9.14
870 8.96
872 8.70
873 8.46
875 8.19
876 7.86
878 7.56
879 7.15
881 6.65
882 6.19
884 5.27
885 3.99
887 2.38
888 -0.88
890 -2.10
892 -2.82
893 -3.37
896 -3.99
898 -4.55
899 -5.28
901 -5.91
902 -6.54
904 -7.17
906 -7.81
907 -8.36
909 -8.80
911 -9.09
912 -9.25
914 -9.28
916 -9.22
917 -9.02
919 -8.72
921 -8.32
922 -7.84
924 -7.31
926 -6.77
927 -6.14
929 -5.56
931 -5.03
932 -4.37
934 -3.87
936 -3.32
937 -2.49
940 -1.50
942 1.31
943 2.88
945 4.10
946 5.17
948 6.02
949 6.72
951 7.29
952 7.72
954 8.10
955 8.42
957 8.66
958 8.91
960 9.10
961 9.19
963 9.22
964 9.18
966 9.07
967 8.88
969 8.68
970 8.45
972 8.17
973 7.90
975 7.55
976 7.14
978 6.75
979 6.21
982 5.31
983 4.30
984 2.48
986 0.71
987 -1.85
989 -2.66
991 -3.34
992 -3.88
994 -4.40
996 -5.11
997 -5.94
999 -6.35
1001 -7.03
1003 -7.70
1004 -8.31
1006 -8.79
1008 -9.09
1010 -9.25
1012 -9.25
1014 -9.12
1015 -8.85
1017 -8.43
1019 -7.95
1021 -7.33
1024 -6.72
1026 -6.14
1027 -5.47
1029 -4.89
1031 -4.19
1033 -3.55
1035 -2.83
1036 -1.95
1038 0.99
1040 2.67
1042 4.11
1043 5.23
1045 6.31
1047 6.99
1048 7.56
1050 8.01
1052 8.37
1053 8.70
1055 9.05
1057 9.28
1058 9.41
1060 9.45
1062 9.39
1063 9.24
1065 8.99
1068 8.70
1069 8.40
1071 8.08
1072 7.72
1074 7.31
1076 6.83
1077 6.21
1079 5.24
1081 3.86
1082 1.82
1084 -1.31
1086 -2.49
1088 -3.20
1090 -3.65
1091 -4.48
1093 -5.26
1095 -5.99
1097 -6.72
1099 -7.50
1101 -8.12
1102 -8.78
1104 -9.23
1106 -9.46
1108 -9.59
1111 -9.55
1113 -9.40
1114 -9.09
1116 -8.62
1118 -8.12
1120 -7.45
1122 -6.77
1123 -6.19
1125 -5.49
1127 -4.86
1129 -4.17
1131 -3.52
1133 -2.71
1134 -1.54
1136 1.21
1138 2.94
1140 4.38
1141 5.53
1143 6.49
1145 7.14
1146 7.71
1148 8.15
1150 8.53
1152 8.93
1154 9.27
1156 9.50
1157 9.62
1159 9.66
1160 9.58
1162 9.39
1164 9.13
1165 8.82
1167 8.48
1169 8.14
1170 7.77
1172 7.36
1174 6.82
1175 6.23
1177 5.27
1179 3.92
1180 1.83
1182 -1.32
1184 -2.51
1186 -3.25
1188 -3.78
1189 -4.45
1191 -5.32
1193 -5.98
1196 -6.81
1198 -7.63
1200 -8.30
1201 -8.94
1203 -9.38
1205 -9.62
1207 -9.74
1209 -9.70
1210 -9.55
1212 -9.26
1214 -8.80
1216 -8.23
1218 -7.61
1220 -6.90
1221 -6.22
1223 -5.60
1225 -4.56
1227 -4.12
1229 -3.52
1231 -2.72
1232 -1.72
1234 1.07
1236 2.88
1239 4.45
1240 5.54
1242 6.53
1244 7.16
1245 7.80
1247 8.24
1248 8.67
1250 9.05
1252 9.37
1253 9.59
1255 9.72
1257 9.77
1258 9.69
1260 9.51
1262 9.26
1263 8.97
1265 8.64
1267 8.31
1268 7.92
1270 7.47
1272 6.98
1273 6.38
1275 5.41
1277 4.09
1278 2.44
1281 -1.36
1283 -2.41
1285 -3.13
1287 -3.76
1288 -4.35
1290 -5.30
1292 -6.06
1294 -6.81
1296 -7.63
1297 -8.40
1299 -8.98
1301 -9.44
1303 -9.71
1305 -9.82
1307 -9.81
1308 -9.64
1310 -9.38
1312 -8.95
1314 -8.34
1316 -7.75
1318 -7.04
1319 -6.32
1321 -5.71
1324 -5.04
1326 -4.16
1328 -3.64
1330 -2.86
1331 -1.86
1333 1.04
1335 2.88
1336 4.35
1338 5.57
1340 6.49
1341 7.17
1343 7.73
1345 8.28
1346 8.67
1348 9.04
1350 9.37
1351 9.61
1353 9.76
1355 9.82
1356 9.75
1358 9.57
1360 9.34
1361 9.05
1363 8.72
1366 8.34
1367 7.95
1369 7.55
1371 7.07
1372 6.53
1374 5.50
1376 4.27
1377 2.03
1379 -1.20
1381 -2.32
1383 -3.04
1384 -3.72
1386 -4.31
1388 -5.21
1390 -5.98
1392 -6.77
1394 -7.54
1395 -8.31
1397 -8.97
1399 -9.39
1401 -9.69
1403 -9.82
1405 -9.82
1406 -9.66
1409 -9.38
1411 -9.00
1413 -8.43
1415 -7.75
1417 -7.12
1418 -6.41
1420 -5.70
1422 -5.12
1424 -4.24
1426 -3.61
1427 -2.98
1429 -2.02
1431 0.91
1433 2.64
1434 4.16
1436 5.28
1438 6.40
1439 7.11
1441 7.76
1443 8.23
1444 8.61
1446 8.98
1448 9.32
1449 9.58
1452 9.76
1454 9.83
1455 9.77
1457 9.61
1459 9.38
1460 9.10
1462 8.73
1464 8.37
1465 8.00
1467 7.60
1469 7.16
1470 6.62
1472 5.64
1474 4.34
1475 2.35
1477 -0.97
1479 -2.28
1481 -2.97
1482 -3.61
1484 -4.26
1486 -5.14
1488 -5.90
1490 -6.70
1492 -7.42
1494 -8.20
1496 -8.90
1498 -9.32
1500 -9.64
1502 -9.79
1504 -9.80
1505 -9.66
1507 -9.39
1509 -9.03
1511 -8.48
1513 -7.80
1514 -7.19
1516 -6.48
1518 -5.76
1520 -5.18
1522 -4.32
1524 -3.69
1525 -3.06
1527 -2.13
1529 0.70
1531 2.36
1532 3.93
1534 5.15
1537 6.26
1538 7.04
1540 7.68
1542 8.16
1543 8.55
1545 8.92
1547 9.26
1548 9.56
1550 9.73
1552 9.81
1553 9.77
1555 9.62
1557 9.41
1558 9.11
1560 8.75
1562 8.42
1563 8.06
1565 7.66
1567 7.24
1568 6.67
1570 9.24
1572 4.57
1573 2.69
1575 -0.73
1577 -2.20
1580 -2.94
1581 -3.56
1583 -4.27
1585 -5.11
1587 -5.83
1589 -6.20
1591 -7.49
1592 -8.24
1594 -8.98
1596 -9.47
1598 -9.78
1600 -9.96
1601 -10.00
1603 -9.88
1605 -9.64
1607 -9.27
1609 -8.73
1611 -8.10
1613 -7.41
1614 -6.67
1616 -5.99
1618 -5.34
1620 -2.28
1623 -3.85
1625 -3.19
1626 -2.36
1628 -1.15
1630 1.82
1632 3.55
1633 5.01
1635 10.55
1637 16.12
1639 16.83
1640 17.40
1642 17.78
1644 18.17
1646 18.54
1648 18.75
1650 18.85
1651 18.85
1653 18.71
1655 18.48
1657 18.16
1659 17.81
1661 17.46
1662 17.03
1665 16.55
1667 16.04
1669 15.32
1671 13.89
1673 12.08
1674 9.67
1676 8.47
1678 7.70
1679 7.02
1681 6.29
1683 5.24
1684 4.11
1686 2.70
1688 1.13
1689 -1.59
1691 -2.73
1693 -3.77
1695 -5.17
1697 -7.29
1698 -9.87
1700 -11.25
1702 -12.20
1704 -12.88
1707 -13.42
1709 -14.12
1711 -14.44
1713 -14.73
1715 -14.90
1717 -14.97
1719 -14.93
1721 -14.80
1723 -14.55
1725 -14.27
1727 -12.14
1729 -13.30
1731 -12.85
1733 -12.23
1735 -11.43
1737 -10.27
1739 -8.45
1741 -6.56
1743 -5.33
1745 -4.10
1746 -3.15
1748 -2.20
1751 -1.03
1753 1.96
1755 3.31
1756 4.43
1758 5.29
1760 6.34
1761 7.01
1763 7.58
1765 8.13
1766 8.68
1768 9.58
1769 10.71
1771 11.89
1773 12.79
1775 13.23
1777 13.46
1779 13.43
1780 13.21
1782 12.81
1784 12.05
1786 10.99
1788 10.13
1790 9.07
1792 8.44
1794 7.95
1796 7.52
1797 7.02
1799 6.52
1801 3.01
1802 5.07
1804 4.16
1806 3.05
1807 1.67
1809 -0.96
1811 -1.95
1812 -2.84
1814 -3.65
1816 -4.41
1818 -5.86
1820 -7.49
1822 -9.03
1823 -10.43
1825 -11.28
1827 -11.81
1829 -12.16
1831 -12.35
1833 -12.46
1836 -12.48
1838 -12.40
1840 -12.22
1842 -11.95
1844 -11.59
1846 -11.08
1848 -10.20
1850 -8.83
1852 -7.51
1854 -6.22
1856 -5.17
1858 -4.21
1859 -3.36
1861 -2.50
1863 -1.67
1865 1.00
1867 2.18
1868 3.38
1870 4.37
1872 5.24
1873 9.89
1875 15.86
1878 16.42
1880 16.80
1881 17.24
1883 17.72
1885 18.09
1887 18.38
1889 18.55
1891 18.59
1892 18.41
1894 18.06
1896 17.75
1898 17.38
1900 16.97
1901 16.63
1903 16.21
1905 15.76
1907 15.34
1909 14.39
1911 13.46
1912 12.41
1914 10.93
1916 9.56
1918 8.57
1920 7.80
1922 7.05
1924 6.37
1925 3.97
1927 1.11
1929 -2.14
1931 -3.20
1932 -3.87
1934 -5.25
1936 -6.39
1938 -7.63
1940 -9.12
1942 -10.36
1944 -11.32
1945 -11.94
1947 -12.43
1949 -12.77
1951 -13.02
1953 -13.11
1955 -13.10
1957 -12.97
1959 -12.77
1961 -12.42
1964 -11.99
1966 -11.48
1968 -10.83
1970 -9.95
1972 -8.86
1974 -7.63
1976 -6.68
1978 -5.69
1980 -4.84
1981 -3.92
1983 -2.99
1985 -1.74
1987 1.38