0 0.00 
0 0.00 
0 0.00 
0 0.00 
0 0.00 
1 -0.00
1 -0.00
1 -0.00
1 -0.00
2 -0.00
2 -0.00
3 -0.00
3 -0.00
4 -0.01
4 -0.01
4 -0.01
4 -0.01
4 -0.01
4 -0.01
4 -0.01
5 -0.01
5 -0.01
7 -0.01
8 -0.02
11 -0.02
14 -0.02
18 -0.03
23 -0.03
28 -0.04
34 -0.05
40 -0.06
47 -0.07
54 -0.08
61 -0.10
69 -0.12
78 -0.13
88 -0.15
99 -0.18
110 -0.20
125 -0.23
140 -0.26
157 -0.29
172 -0.32
189 -0.36
205 -0.40
221 -0.44
235 -0.48
249 -0.52
263 -0.56
276 -0.61
290 -0.65
301 -0.69
313 -0.73
324 -0.77
334 -0.80
342 -0.84
351 -0.87
359 -0.90
366 -0.93
373 -0.95
381 -0.97
388 -1.00
395 -1.02
402 -1.03
408 -1.05
414 -1.07
422 -1.08
428 -1.09
433 -1.10
439 -1.11
445 -1.12
450 -1.12
455 -1.13
460 -1.13
465 -1.13
470 -1.13
474 -1.13
478 -1.13
482 -1.13
485 -1.12
489 -1.12
492 -1.11
495 -1.11
499 -1.10
502 -1.09
504 -1.08
507 -1.07
510 -1.06
513 -1.05
517 -1.04
520 -1.03
524 -1.02
528 -1.01
532 -1.00
536 -0.98
541 -0.97
546 -0.96
551 -0.96
556 -0.95
562 -0.94
567 -0.93
573 -0.93
579 -0.92
584 -0.91
588 -0.91
593 -0.90
597 -0.90
601 -0.89
605 -0.89
608 -0.88
611 -0.87
614 -0.87
617 -0.86
621 -0.85
624 -0.84
627 -0.84
631 0.00
634 0.00
638 0.00
642 0.00
645 0.00
649 0.00
652 0.00
656 0.00
659 0.00
663 0.00
667 0.00
669 0.00
673 0.00
676 0.00
679 0.00
681 0.00
684 0.00
686 0.00
688 0.00
691 0.00
694 0.00
696 0.00
698 0.00
701 0.00
703 0.00
706 0.00
709 0.00
711 0.00
714 0.00
717 0.00
721 0.00
725 0.00
729 0.00
733 0.00
738 0.00
742 0.00
747 0.00
752 0.00
757 0.00
761 0.00
767 0.00
771 0.00
776 0.00
780 0.00
785 0.00
789 0.00
793 0.00
797 0.00
800 0.00
804 0.00
809 0.00
812 0.00
816 0.00
820 0.00
825 0.00
829 0.00
833 0.00
838 0.00
843 0.00
849 0.00
854 0.00
858 0.00
864 0.00
869 0.00
874 0.00
879 0.00
884 0.00
889 0.00
892 0.00
897 0.00
902 0.00
906 0.00
910 0.00
914 0.00
918 0.00
921 0.00
924 0.00
927 0.00
930 0.00
932 0.00
935 0.00
937 0.00
940 0.00
943 0.00
946 0.00
949 0.00
953 0.00
957 0.00
960 0.00
963 0.00
967 0.00
970 0.00
973 0.00
977 0.00
980 0.00
983 0.00
986 0.00
990 0.00
993 0.00
997 0.00
1001 0.00
1005 0.00
1010 0.00
1015 0.00
1021 0.00
1026 0.00
1032 0.00
1038 0.00
1045 0.00
1052 0.00
1059 0.00
1067 0.00
1075 0.00
1083 0.00
1092 0.00
1100 0.00
1108 0.00
1115 0.00
1123 0.00
1130 0.00
1137 0.00
1143 0.00
1149 0.00
1154 0.00
1160 0.00
1165 0.00
1170 0.00
1176 0.00
1182 0.00
1186 0.00
1192 0.00
1198 0.00
1204 0.00
1209 0.00
1215 0.00
1221 0.00
1227 0.00
1233 0.00
1239 0.00
1245 0.00
1251 0.00
1257 0.00
1262 -0.85
1269 -0.85
1274 -0.86
1279 -0.86
1283 -0.86
1287 -0.86
1292 -0.86
1296 -0.86
1301 -0.86
1304 -0.86
1309 -0.86
1313 -0.86
1317 -0.86
1321 -0.85
1326 -0.85
1331 -0.85
1335 -0.85
1340 -0.85
1345 -0.84
1351 -0.84
1356 -0.84
1362 -0.84
1368 -0.84
1375 -0.84
1381 -0.84
1387 -0.84
1393 -0.84
1399 -0.84
1405 -0.84
1410 -0.84
1415 -0.84
1419 -0.84
1423 -0.84
1428 -0.84
1432 -0.84
1436 -0.84
1440 -0.84
1444 -0.84
1448 -0.83
1452 -0.83
1458 -0.83
1462 -0.83
1466 -0.82
1471 -0.82
1476 -0.82
1481 -0.82
1485 -0.81
1490 -0.81
1494 -0.81
1499 -0.81
1503 -0.81
1506 -0.80
1510 -0.80
1514 -0.80
1518 -0.79
1521 -0.79
1525 -0.79
1529 -0.78
1533 -0.78
1537 -0.77
1541 -0.77
1547 -0.77
1551 -0.76
1557 -0.76
1563 -0.76
1569 -0.76
1576 -0.76
1582 -0.76
1591 -0.76
1599 -0.77
1608 -0.77
1615 -0.78
1624 -0.78
1944 0.00
2561 0.00
2568 0.00
2574 0.00
2579 0.00
2584 0.00
2590 0.00
2595 0.00
2602 0.00
2608 0.00
2615 0.00
2621 0.00
2630 0.00
2638 0.00
2647 0.00
2657 0.00
2667 0.00
2678 0.00
2688 0.00
2699 0.00
2710 0.00
2720 0.00
2731 0.00
2740 0.00
2750 0.00
2759 0.00
2768 0.00
2777 0.00
2786 0.00
2795 0.00
2804 0.00
2814 0.00
2824 0.00
2836 0.00
2848 0.00
2861 0.00
2877 0.00
2894 0.00
2912 0.00
2929 0.00
2946 0.00
2963 0.00
2980 0.00
2995 0.00