0.00 -0.01
0.00 -0.02
0.00 -0.01
0.00 -0.02
0.00 -0.02
0.00 -0.03
0.00 -0.03
0.00 -0.04
0.00 -0.05
0.00 -0.05
0.00 -0.06
0.00 -0.07
0.00 -0.08
0.00 -0.08
0.00 -0.08
0.00 -0.08
0.00 -0.08
0.00 -0.09
0.00 -0.09
0.00 -0.10
0.00 -0.10
0.00 -0.11
0.00 -0.11
0.00 -0.12
0.00 -0.13
0.00 -0.14
0.00 -0.15
0.00 -0.17
0.00 -0.18
0.00 -0.20
0.00 -0.22
0.00 -0.24
0.00 -0.26
0.00 -0.28
0.00 -0.30
0.00 -0.33
0.00 -0.35
0.00 -0.38
0.00 -0.40
0.00 -0.43
0.00 -0.46
0.00 -0.48
0.01 -0.51
0.01 -0.53
0.01 -0.56
0.01 -0.58
0.01 -0.61
0.02 -0.63
0.02 -0.65
0.02 -0.68
0.02 -0.70
0.02 -0.72
0.03 -0.74
0.03 -0.76
0.03 -0.77
0.03 -0.79
0.03 -0.80
0.03 -0.82
0.03 -0.83
0.03 -0.84
0.03 -0.85
0.04 -0.85
0.04 -0.84
0.04 -0.83
0.04 -0.82
0.04 -0.81
0.04 -0.80
0.04 -0.79
0.04 -0.78
0.04 -0.77
0.04 -0.75
0.04 -0.74
0.04 -0.72
0.04 -0.71
0.04 -0.69
0.04 -0.68
0.04 -0.66
0.04 -0.65
0.04 -0.63
0.04 -0.61
0.04 -0.60
0.04 -0.58
0.04 -0.57
0.04 -0.55
0.04 -0.54
0.04 -0.52
0.04 -0.51
0.04 -0.49
0.04 -0.48
0.04 -0.46
0.04 -0.45
0.04 -0.44
0.04 -0.43
0.04 -0.42
0.04 -0.41
0.04 -0.39
0.04 -0.38
0.04 -0.37
0.04 -0.36
0.04 -0.35
0.04 -0.34
0.05 -0.33
0.05 -0.32
0.05 -0.33
0.05 -0.34
0.06 -0.34
0.06 -0.35
0.06 -0.36
0.06 -0.37
0.06 -0.38
0.06 -0.39
0.06 -0.40
0.06 -0.41
0.07 -0.41
0.07 -0.42
0.07 -0.43
0.07 -0.44
0.07 -0.45
0.07 -0.46
0.07 -0.47
0.07 -0.48
0.08 -0.48
0.08 -0.49
0.08 -0.50
0.08 -0.49
0.08 -0.48
0.08 -0.47
0.08 -0.46
0.08 -0.45
0.08 -0.44
0.08 -0.43
0.08 -0.42
0.09 -0.41
0.09 -0.40
0.09 -0.39
0.09 -0.38
0.09 -0.37
0.09 -0.36
0.10 -0.36
0.10 -0.37
0.10 -0.37
0.10 -0.38
0.10 -0.39
0.11 -0.41
0.11 -0.42
0.11 -0.43
0.11 -0.45
0.11 -0.46
0.12 -0.48
0.12 -0.50
0.12 -0.52
0.12 -0.54
0.13 -0.56
0.13 -0.58
0.13 -0.60
0.13 -0.63
0.14 -0.65
0.14 -0.68
0.14 -0.71
0.15 -0.74
0.15 -0.78
0.15 -0.81
0.16 -0.84
0.16 -0.87
0.16 -0.90
0.16 -0.93
0.17 -0.96
0.17 -0.98
0.17 -1.01
0.17 -1.03
0.17 -1.05
0.18 -1.07
0.18 -1.09
0.18 -1.10
0.18 -1.12
0.18 -1.13
0.18 -1.14
0.19 -1.15
0.19 -1.16
0.19 -1.17
0.19 -1.18
0.19 -1.19
0.20 -1.19
0.20 -1.20
0.20 -1.21
0.20 -1.22
0.21 -1.23
0.21 -1.24
0.21 -1.25
0.21 -1.26
0.22 -1.26
0.22 -1.27
0.22 -1.28
0.22 -1.29
0.23 -1.30
0.23 -1.31
0.23 -1.32
0.24 -1.32
0.24 -1.33
0.24 -1.34
0.25 -1.34
0.26 -1.33
0.26 -1.32
0.26 -1.31
0.26 -1.30
0.26 -1.29
0.26 -1.28
0.26 -1.27
0.26 -1.25
0.26 -1.24
0.26 -1.22
0.26 -1.21
0.27 -1.19
0.27 -1.17
0.27 -1.16
0.27 -1.14
0.27 -1.12
0.27 -1.10
0.27 -1.08
0.27 -1.06
0.27 -1.04
0.27 -1.02
0.27 -1.00
0.27 -0.98
0.27 -0.96
0.27 -0.94
0.27 -0.92
0.27 -0.90
0.27 -0.88
0.27 -0.86
0.27 -0.83
0.27 -0.81
0.27 -0.79
0.27 -0.77
0.27 -0.75
0.27 -0.74
0.27 -0.72
0.27 -0.70
0.27 -0.68
0.27 -0.66
0.27 -0.64
0.27 -0.63
0.27 -0.61
0.27 -0.60
0.27 -0.58
0.27 -0.57
0.27 -0.55
0.27 -0.54
0.27 -0.53
0.27 -0.52
0.27 -0.50
0.28 -0.49
0.28 -0.48
0.28 -0.47
0.28 -0.46
0.28 -0.45
0.28 -0.44
0.29 -0.44
0.29 -0.45
0.29 -0.46
0.30 -0.47
0.30 -0.48
0.30 -0.49
0.30 -0.50
0.30 -0.51
0.30 -0.52
0.31 -0.53
0.31 -0.54
0.31 -0.55
0.31 -0.55
0.31 -0.56
0.31 -0.57
0.31 -0.56
0.32 -0.56
0.32 -0.55
0.32 -0.54
0.32 -0.53
0.32 -0.52
0.32 -0.51
0.32 -0.50
0.32 -0.49
0.32 -0.48
0.32 -0.47
0.32 -0.46
0.32 -0.45
0.32 -0.44
0.32 -0.43
0.32 -0.42
0.32 -0.41
0.33 -0.40
0.33 -0.39
0.33 -0.38
0.34 -0.38
0.34 -0.39
0.34 -0.40
0.34 -0.41
0.34 -0.42
0.35 -0.42
0.35 -0.43
0.35 -0.44
0.35 -0.45
0.35 -0.46
0.35 -0.47
0.35 -0.48
0.36 -0.49
0.36 -0.50
0.36 -0.51
0.36 -0.52
0.36 -0.53
0.37 -0.54
0.37 -0.55
0.37 -0.56
0.37 -0.57
0.37 -0.58
0.38 -0.58
0.38 -0.59
0.38 -0.60
0.39 -0.60
0.40 -0.60
0.40 -0.61
0.40 -0.62
0.40 -0.63
0.41 -0.63
0.41 -0.64
0.41 -0.66
0.41 -0.67
0.41 -0.68
0.42 -0.70
0.42 -0.71
0.42 -0.73
0.42 -0.74
0.42 -0.76
0.43 -0.77
0.43 -0.79
0.43 -0.81
0.43 -0.82
0.43 -0.83
0.44 -0.85
0.44 -0.86
0.44 -0.87
0.44 -0.88
0.44 -0.90
0.44 -0.91
0.45 -0.92
0.45 -0.93
0.45 -0.94
0.45 -0.95
0.45 -0.94
0.45 -0.93
0.46 -0.93
0.46 -0.92
0.46 -0.91
0.46 -0.90
0.46 -0.89
0.46 -0.88
0.46 -0.87
0.46 -0.86
0.46 -0.85
0.46 -0.83
0.46 -0.82
0.46 -0.80
0.46 -0.79
0.46 -0.78
0.46 -0.76
0.46 -0.75
0.46 -0.73
0.46 -0.72
0.46 -0.71
0.46 -0.70
0.46 -0.68
0.46 -0.67
0.46 -0.66
0.46 -0.65
0.46 -0.64
0.47 -0.63
0.47 -0.62
0.47 -0.61
0.47 -0.60
0.47 -0.59
0.47 -0.58
0.47 -0.57
0.48 -0.57
0.48 -0.58
0.48 -0.59
0.49 -0.59
0.49 -0.60
0.49 -0.61
0.49 -0.62
0.49 -0.63
0.50 -0.63
0.50 -0.64
0.50 -0.65
0.50 -0.65
0.50 -0.66
0.51 -0.66
0.51 -0.65
0.51 -0.64
0.51 -0.63
0.51 -0.62
0.51 -0.61
0.51 -0.60
0.51 -0.59
0.51 -0.58
0.51 -0.57
0.51 -0.56
0.51 -0.54
0.51 -0.53
0.51 -0.52
0.51 -0.51
0.51 -0.50
0.51 -0.49
0.51 -0.48
0.51 -0.47
0.51 -0.46
0.51 -0.45
0.51 -0.44
0.51 -0.43
0.51 -0.42
0.51 -0.41
0.51 -0.40
0.51 -0.39
0.51 -0.38
0.51 -0.37
0.52 -0.37
0.52 -0.36
0.52 -0.35
0.52 -0.34
0.52 -0.33
0.53 -0.34
0.53 -0.35
0.53 -0.36
0.53 -0.37
0.53 -0.38
0.54 -0.39
0.54 -0.40
0.54 -0.41
0.54 -0.43
0.54 -0.44
0.54 -0.45
0.55 -0.47
0.55 -0.48
0.55 -0.49
0.55 -0.51
0.55 -0.52
0.55 -0.53
0.55 -0.54
0.56 -0.55
0.56 -0.57
0.56 -0.58
0.56 -0.59
0.56 -0.60
0.56 -0.61
0.56 -0.62
0.56 -0.63
0.56 -0.64
0.57 -0.65
0.57 -0.66
0.57 -0.67
0.57 -0.68
0.57 -0.67
0.58 -0.67
0.58 -0.66
0.59 -0.66
0.59 -0.67
0.60 -0.67
0.60 -0.68
0.60 -0.68
0.60 -0.69
0.61 -0.70
0.61 -0.71
0.61 -0.72
0.61 -0.73
0.61 -0.74
0.62 -0.75
0.62 -0.77
0.62 -0.78
0.62 -0.80
0.63 -0.82
0.63 -0.83
0.63 -0.85
0.63 -0.87
0.64 -0.89
0.64 -0.91
0.64 -0.92
0.64 -0.94
0.65 -0.96
0.65 -0.97
0.65 -0.99
0.65 -1.00
0.65 -1.01
0.65 -1.03
0.66 -1.04
0.66 -1.05
0.66 -1.06
0.66 -1.07
0.66 -1.08
0.67 -1.09
0.67 -1.08
0.68 -1.07
0.68 -1.06
0.68 -1.05
0.68 -1.04
0.68 -1.03
0.68 -1.02
0.68 -1.01
0.68 -1.00
0.68 -0.99
0.68 -0.98
0.68 -0.97
0.68 -0.96
0.68 -0.95
0.69 -0.93
0.69 -0.92
0.69 -0.91
0.69 -0.90
0.69 -0.89
0.69 -0.87
0.69 -0.86
0.69 -0.85
0.69 -0.84
0.69 -0.83
0.69 -0.81
0.69 -0.80
0.69 -0.79
0.69 -0.78
0.69 -0.76
0.69 -0.75
0.69 -0.74
0.69 -0.73
0.69 -0.71
0.69 -0.70
0.69 -0.69
0.69 -0.67
0.69 -0.66
0.69 -0.64
0.69 -0.63
0.69 -0.61
0.69 -0.60
0.69 -0.59
0.69 -0.57
0.69 -0.56
0.69 -0.54
0.69 -0.53
0.69 -0.52
0.69 -0.50
0.69 -0.49
0.69 -0.48
0.69 -0.46
0.69 -0.45
0.70 -0.44
0.70 -0.42
0.70 -0.41
0.70 -0.40
0.70 -0.39
0.70 -0.38
0.70 -0.37
0.70 -0.36
0.70 -0.35
0.70 -0.33
0.70 -0.32
0.70 -0.31
0.70 -0.30
0.70 -0.29
0.70 -0.28
0.70 -0.27
0.70 -0.26
0.70 -0.25
0.70 -0.24
0.70 -0.23
0.70 -0.22
0.70 -0.21
0.71 -0.21
0.71 -0.22
0.71 -0.23
0.71 -0.23
0.71 -0.24
0.71 -0.25
0.71 -0.26
0.72 -0.27
0.72 -0.28
0.72 -0.29
0.72 -0.30
0.72 -0.31
0.72 -0.32
0.72 -0.33
0.72 -0.34
0.73 -0.34
0.73 -0.35
0.73 -0.36
0.73 -0.35
0.73 -0.34
0.73 -0.33
0.73 -0.32
0.73 -0.31
0.73 -0.30
0.73 -0.29
0.73 -0.28
0.73 -0.27
0.73 -0.26
0.73 -0.25
0.74 -0.25
0.74 -0.24
0.74 -0.25
0.75 -0.25
0.75 -0.24
0.75 -0.23
0.76 -0.23
0.76 -0.24
0.76 -0.25
0.76 -0.26
0.77 -0.26
0.77 -0.27
0.77 -0.28
0.77 -0.29
0.77 -0.30
0.77 -0.31
0.77 -0.32
0.77 -0.33
0.78 -0.34
0.78 -0.35
0.78 -0.36
0.78 -0.37
0.78 -0.38
0.78 -0.39
0.78 -0.40
0.78 -0.41
0.78 -0.42
0.79 -0.43
0.79 -0.44
0.79 -0.45
0.79 -0.46
0.79 -0.45
0.79 -0.44
0.79 -0.43
0.79 -0.42
0.79 -0.41
0.79 -0.40
0.79 -0.39
0.79 -0.38
0.80 -0.38
0.80 -0.37
0.80 -0.36
0.80 -0.35
0.80 -0.34
0.80 -0.34
0.80 -0.33
0.80 -0.32
0.80 -0.31
0.80 -0.30
0.81 -0.30
0.81 -0.29
0.81 -0.29
0.81 -0.28
0.82 -0.28
0.82 -0.29
0.82 -0.30
0.83 -0.31
0.83 -0.32
0.83 -0.33
0.83 -0.34
0.83 -0.35
0.83 -0.36
0.84 -0.37
0.84 -0.38
0.84 -0.39
0.84 -0.40
0.84 -0.41
0.84 -0.42
0.84 -0.43
0.84 -0.44
0.85 -0.45
0.85 -0.46
0.85 -0.47
0.85 -0.48
0.85 -0.49
0.85 -0.50
0.85 -0.51
0.85 -0.52
0.85 -0.53
0.85 -0.54
0.86 -0.54
0.86 -0.53
0.86 -0.52
0.86 -0.51
0.86 -0.50
0.86 -0.49
0.86 -0.48
0.86 -0.47
0.86 -0.46
0.86 -0.45
0.86 -0.44
0.86 -0.43
0.86 -0.42
0.86 -0.41
0.86 -0.40
0.86 -0.39
0.86 -0.38
0.86 -0.37
0.86 -0.36
0.86 -0.35
0.86 -0.34
0.86 -0.33
0.87 -0.33
0.87 -0.32
0.87 -0.31
0.87 -0.30
0.87 -0.29
0.88 -0.29
0.88 -0.28
0.88 -0.27
0.88 -0.26
0.88 -0.25
0.88 -0.24
0.88 -0.23
0.88 -0.22
0.88 -0.21
0.89 -0.21
0.89 -0.22
0.89 -0.21
0.89 -0.20
0.90 -0.20
0.90 -0.21
0.90 -0.21
0.91 -0.21
0.91 -0.22
0.91 -0.22
0.91 -0.23
0.92 -0.23
0.92 -0.22
0.92 -0.21
0.92 -0.20
0.92 -0.19
0.92 -0.18
0.92 -0.17
0.92 -0.16
0.92 -0.15
0.92 -0.14
0.92 -0.13
0.93 -0.13
0.93 -0.14
0.93 -0.13
0.93 -0.12
0.93 -0.11
0.93 -0.10
0.93 -0.09
0.93 -0.08
0.93 -0.09
0.93 -0.10
0.93 -0.09
0.93 -0.08
0.93 -0.07
0.94 -0.07
0.94 -0.08
0.94 -0.07
0.94 -0.06
0.94 -0.05
0.94 -0.06
0.94 -0.07
0.94 -0.08
0.95 -0.08
0.95 -0.09
0.95 -0.10
0.95 -0.11
0.95 -0.12
0.96 -0.12
0.96 -0.13
0.96 -0.14
0.96 -0.15
0.96 -0.16
0.96 -0.17
0.96 -0.18
0.96 -0.19
0.96 -0.20
0.96 -0.21
0.97 -0.21
0.97 -0.22
0.97 -0.23
0.97 -0.24
0.97 -0.25
0.97 -0.26
0.97 -0.25
0.97 -0.24
0.97 -0.23
0.97 -0.22
0.97 -0.21
0.97 -0.20
0.97 -0.19
0.97 -0.18
0.97 -0.17
0.97 -0.16
0.97 -0.17
0.98 -0.17
0.98 -0.18
0.98 -0.19
0.98 -0.20
0.98 -0.21
0.98 -0.22
0.98 -0.23
0.98 -0.24
0.99 -0.24
0.99 -0.25
0.99 -0.26
0.99 -0.27
0.99 -0.28
0.99 -0.29
0.99 -0.30
0.99 -0.29
0.99 -0.28
0.99 -0.27
0.99 -0.26
0.99 -0.25
0.99 -0.24
0.99 -0.23
1.00 -0.22
1.00 -0.21
1.00 -0.22
1.00 -0.23
1.00 -0.24
1.00 -0.25
1.00 -0.26
1.00 -0.27
1.00 -0.28
1.00 -0.29
1.00 -0.30
1.00 -0.31
1.00 -0.30
1.00 -0.31
1.00 -0.32
1.00 -0.33
1.00  -0.34
1.00  -0.35
1.00  -0.36
1.00  -0.37
1.00  -0.38
1.00  -0.39
1.00  -0.40
1.00  -0.42
1.00  -0.43
1.00  -0.45
1.00  -0.46
1.00  -0.48
1.00  -0.49
1.00  -0.51
1.00  -0.53
1.00  -0.55
1.00  -0.57
1.00  -0.59
1.00  -0.61
1.00  -0.63
1.00  -0.65
1.00  -0.67
1.00  -0.68
1.00  -0.70
1.00  -0.72
1.00  -0.73
1.00  -0.75
1.00  -0.76
1.00  -0.77
1.00  -0.78
1.00  -0.79
1.00  -0.80
1.00  -0.80
1.00  -0.81
1.00  -0.81
1.00  -0.80
1.00  -0.79
1.00  -0.78
1.00  -0.77
1.00  -0.76
1.00  -0.75
1.00  -0.73
1.00  -0.72
1.00  -0.71
1.00  -0.69
1.00  -0.68
1.00  -0.66
1.00  -0.65
1.00  -0.63
1.00  -0.62
1.00  -0.60
1.00  -0.59
1.00  -0.57
1.00  -0.55
1.00  -0.54
1.00  -0.52
1.00  -0.51
1.00  -0.49
1.00  -0.48
1.00  -0.47
1.00  -0.45
1.00  -0.44
1.00  -0.43
1.00  -0.42
1.00  -0.40
1.00  -0.39
1.00  -0.38
1.00  -0.37