0 -3.70
1 -3.70
1 -3.70
2 -3.70
3 -3.70
4 -3.70
4 -3.61
5 -3.69
6 -3.69
7 -3.68
8 -3.68
8 -3.67
9 -3.66
10 -3.65
11 -3.69
12 -3.63
12 -3.61
13 -3.60
14 -3.58
16 -3.54
17 -3.50
19 -3.46
20 -3.41
22 -3.35
23 -3.28
25 -3.18
26 -3.08
28 -2.92
29 -2.75
31 -2.57
32 -2.39
34 -2.23
35 -2.10
37 -1.99
38 -1.89
40 -1.82
41 -1.74
44 -1.67
45 -1.60
47 -1.51
48 -1.45
50 -1.36
51 -1.27
53 -1.17
54 -1.04
56 -0.92
57 -0.80
59 0.78
60 0.85
61 0.95
63 1.02
64 1.12
65 1.21
67 1.28
68 1.34
69 1.98
71 1.45
72 1.49
73 1.54
75 1.58
76 1.63
77 1.68
79 1.73
80 1.77
81 1.83
83 1.87
84 1.93
86 1.98
88 2.06
89 2.09
90 2.21
92 2.29
93 2.35
94 2.44
96 2.51
97 2.58
98 2.65
100 2.71
101 2.75
103 2.79
104 2.82
106 2.84
107 2.85
109 2.86
110 2.86
112 2.85
113 2.83
114 2.81
116 2.78
117 2.75
119 2.71
120 2.65
122 2.59
123 2.51
125 2.44
126 2.37
129 2.30
130 2.22
132 2.14
133 2.07
135 2.00
136 1.94
138 1.89
139 1.85
141 1.80
142 1.76
144 1.72
145 1.68
147 1.64
148 1.61
150 1.56
151 1.52
153 1.48
154 1.44
156 1.40
157 1.36
159 1.31
160 1.27
162 1.21
163 1.14
165 1.09
166 1.01
168 0.93
169 0.86
172 0.78
173 -0.71
175 -0.82
177 -0.92
178 -1.01
180 -1.09
182 -1.17
183 -1.25
185 -1.33
187 -1.39
188 -1.44
190 -1.48
192 -1.53
193 -1.57
195 -1.61
197 -1.65
198 -1.68
200 -1.71
201 -1.74
203 -1.77
205 -1.79
206 -1.82
208 -1.83
210 -1.85
211 -1.87
214 -1.88
216 -1.90
217 -1.91
219 -1.91
221 -1.92
222 -1.92
224 -1.92
226 -1.93
227 -1.92
229 -1.92
231 -1.91
232 -1.91
234 -1.89
236 -1.89
237 -1.88
239 -1.86
241 -1.85
242 -1.84
244 -1.83
246 -1.81
247 -1.80
249 -1.77
251 -1.76
252 -1.73
254 -1.71
257 -1.69
258 -1.67
260 -1.64
262 -1.61
263 -1.59
265 -1.56
267 -1.53
268 -1.50
270 -1.47
272 -1.44
273 -1.41
275 -1.37
277 -1.34
278 -1.30
280 -1.26
282 -1.21
283 -1.16
285 -1.11
287 -1.06
288 -1.00
290 -0.95
291 -0.89
293 -0.83
295 -0.77
296 -0.72
299 0.74
301 0.80
302 0.84
304 0.89
305 0.94
307 0.97
308 1.01
310 1.05
311 1.08
313 1.11
314 1.14
316 1.17
317 1.19
319 1.21
320 1.23
322 1.25
323 1.26
325 1.28
326 1.29
328 1.30
329 1.31
331 1.31
332 1.32
333 1.32
335 1.32
336 1.32
338 1.32
339 1.32
342 1.32
343 1.31
345 1.31
346 1.30
348 1.30
349 1.29
351 1.28
352 1.27
354 1.26
355 1.25
357 1.23
358 1.22
360 1.20
361 1.18
363 1.16
364 1.14
366 1.12
367 1.09
369 1.07
370 1.04
372 1.01
373 0.98
375 0.95
376 0.92
378 0.90
379 0.87
381 0.83
382 0.80
385 0.77
386 0.73
388 0.70
389 -0.73
391 -0.77
393 -0.82
394 -0.86
396 -0.90
398 -0.94
399 -0.97
401 -1.00
403 -1.04
404 -1.06
406 -1.09
408 -1.11
409 -1.14
411 -1.15
413 -1.17
414 -1.18
416 -1.20
418 -1.21
419 -1.21
421 -1.22
422 -1.22
424 -1.23
427 -1.23
428 -1.22
430 -1.22
432 -1.21
433 -1.20
435 -1.20
437 -1.19
438 -1.18
440 -1.16
442 -1.15
443 -1.14
445 -1.12
447 -1.10
448 -1.09
450 -1.07
452 -1.05
453 -1.04
455 -1.02
457 -1.00
458 -0.98
460 -0.96
462 -0.93
463 -0.91
465 -0.89
467 -0.87
468 -0.85
471 -0.83
473 -0.81
474 -0.79
476 -0.77
478 -0.75
479 -0.73
481 -0.72
483 0.70
484 0.72
486 0.73
487 0.75
489 0.76
490 0.77
492 0.78
493 0.84
495 0.80
496 0.80
498 0.81
499 0.83
501 0.82
502 0.82
504 0.82
505 0.83
507 0.82
508 0.82
509 0.82
512 0.83
513 0.82
515 0.82
516 0.82
518 0.83
519 0.81
521 0.81
522 0.81
524 0.80
525 0.80
527 0.80
528 0.80
530 0.79
531 0.79
533 0.79
534 0.78
536 0.78
537 0.77
539 0.77
540 0.76
542 0.75
543 0.75
545 0.74
546 0.73
548 0.72
549 0.71
551 0.70
552 -0.71
555 -0.72
557 -0.73
558 -0.75
560 -0.76
562 -0.77
563 -0.79
565 -0.80
567 -0.81
568 -0.82
570 -0.83
572 -0.84
573 -0.84
575 -0.85
577 -0.86
578 -0.87
580 -0.87
582 -0.87
583 -0.87
585 -0.88
587 -0.88
588 -0.88
590 -0.88
591 -0.88
593 -0.87
595 -0.88
596 -0.87
599 -0.87
601 -0.87
602 -0.87
604 -0.87
606 -0.87
607 -0.87
609 -0.87
611 -0.86
612 -0.86
614 -0.86
616 -0.86
617 -0.86
619 -0.86
621 -0.86
622 -0.86
624 -0.86
626 -0.86
627 -0.86
629 -0.86
631 -0.86
632 -0.86
634 -0.86
636 -0.86
637 -0.86
640 -0.86
642 -0.86
643 -0.86
645 -0.86
647 -0.86
648 -0.86
650 -0.86
652 -0.86
653 -0.86
655 -0.86
657 -0.86
658 -0.86
660 -0.86
662 -0.86
663 -0.86
665 -0.86
667 -0.86
668 -0.86
670 -0.86
671 -0.86
673 -0.86
675 -0.86
676 -0.86
678 -0.86
680 -0.86
681 -0.86
684 -0.86
686 -0.86
687 -0.86
689 -0.86
691 -0.86
692 -0.86
694 -0.86
696 -0.86
697 -0.86
699 -0.86
701 -0.86
702 -0.86
704 -0.86
706 -0.86
707 -0.86
709 -0.86
711 -0.86
712 -0.86
714 -0.86
716 -0.86
717 -0.86
719 -0.86
721 -0.86
722 -0.86
724 -0.86
727 -0.86
728 -0.86
730 -0.86
732 -0.86
733 -0.86
735 -0.86
737 -0.86
738 -0.86
740 -0.84
742 -0.86
743 -0.86
745 -0.86
747 -0.86
748 -0.86
750 -0.84
752 -0.86
753 -0.86
755 -0.86
757 -0.86
758 -0.86
760 -0.84
762 -0.86
763 -0.86
765 -0.86
768 -0.86
769 -0.86
771 -0.86
772 -0.86
774 -0.86
776 -0.86
777 -0.86
779 -0.86
781 -0.86
782 -0.86
784 -0.86
786 -0.86
787 -0.86
789 -0.86
791 -0.86
792 -0.86
794 -0.86
796 -0.86
797 -0.86
799 -0.86
801 -0.86
802 -0.86
804 -0.86
806 -0.86
807 -0.86
809 -0.86
812 -0.86
813 -0.86
815 -0.86
817 -0.86
818 -0.86
820 -0.86
822 -0.86
823 -0.86
825 -0.86
827 -0.86
828 -0.86
830 -0.86
832 -0.86
833 -0.86
835 -0.86
837 -0.86
838 -0.86
840 -0.86
842 -0.86
843 -0.86
845 -0.86
846 -0.86
848 -0.86
850 -0.86
851 -0.86
854 -0.86
856 -0.86
857 -0.86
859 -0.86
861 -0.86
862 -0.86
864 -0.86
866 -0.86
867 -0.86
869 -0.86
871 -0.86
872 -0.86
874 -0.86
876 -0.86
877 -0.86
879 -0.86
881 -0.86
882 -0.86
884 -0.86
886 -0.86
887 -0.86
889 -0.86
891 -0.86
892 -0.86
894 -0.86
897 -0.86
898 -0.86
900 -0.86
902 -0.86
903 -0.86
905 -0.86
907 -0.86
908 -0.86
910 -0.86
912 -0.86
913 -0.86
915 -0.86
917 -0.86
918 -0.86
920 -0.86
922 -0.86
923 -0.86
925 -0.86
927 -0.86
928 -0.86
930 -0.86
932 -0.86
933 -0.86
935 -0.86
936 -0.86
939 -0.86
941 -0.86
942 -0.86
944 -0.86
946 -0.86
947 -0.86
949 -0.86
951 -0.86
952 -0.86
954 -0.86
956 -0.86
957 -0.86
959 -0.86
961 -0.86
962 -0.86
964 -0.86
966 -0.86
967 -0.86
969 -0.86
971 -0.86
972 -0.86
974 -0.86
976 -0.86
977 -0.86
979 -0.86
982 -0.86
983 -0.86
985 -0.86
987 -0.86
988 -0.86
990 -0.86
992 -0.86
993 -0.86
995 -0.86
997 -0.86
998 -0.86
1000 -0.86
1002 -0.86
1004 -0.86
1005 -0.86
1007 -0.86
1009 -0.86
1011 -0.84
1013 -0.86
1015 -0.86
1016 -0.86
1018 -0.86
1020 -0.86
1022 -0.86
1025 -0.86
1027 -0.86
1028 -0.86
1030 -0.86
1032 -0.86
1034 -0.86
1036 -0.86
1037 -0.86
1039 -0.86
1041 -0.86
1043 -0.86
1045 -0.86
1047 -0.86
1048 -0.86
1050 -0.86
1052 -0.86
1054 -0.86
1056 -0.86
1058 -0.86
1059 -0.86
1061 -0.86
1063 -0.86
1065 -0.86
1068 -0.86
1069 -0.86
1071 -0.86
1073 -0.86
1075 -0.86
1077 -0.86
1079 -0.86
1080 -0.86
1082 -0.86
1084 -0.86
1086 -0.86
1088 -0.86
1090 -0.86
1091 -0.86
1093 -0.86
1095 -0.86
1097 -0.86
1099 -0.86
1101 -0.86
1102 -0.86
1104 -0.86
1106 -0.86
1108 -0.86
1111 -0.86
1113 -0.86
1114 -0.86
1116 -0.86
1118 -0.86
1120 -0.86
1122 -0.86
1123 -0.86
1125 -0.86
1127 -0.86
1129 -0.86
1131 -0.86
1133 -0.86
1134 -0.86
1136 -0.86
1138 -0.86
1140 -0.85
1142 -0.86
1144 -0.86
1145 -0.86
1147 -0.86
1149 -0.86
1152 -0.86
1154 -0.86
1155 -0.86
1157 -0.86
1159 -0.86
1161 -0.86
1163 -0.86
1165 -0.86
1166 -0.86
1168 -0.86
1170 -0.86
1172 -0.86
1174 -0.86
1176 -0.86
1177 -0.86
1179 -0.86
1181 -0.86
1183 -0.86
1185 -0.86
1187 -0.86
1188 -0.86
1190 -0.86
1192 -0.86
1195 -0.86
1197 -0.86
1198 -0.86
1200 -0.86
1202 -0.86
1204 -0.86
1206 -0.86
1208 -0.86
1209 -0.86
1211 -0.86
1213 -0.86
1215 -0.86
1217 -0.86
1219 -0.86
1220 -0.86
1222 -0.86
1224 -0.86
1226 -0.86
1228 -0.86
1230 -0.86