0 0.00
1 0.00
2 0.00
3 0.00
4 0.00
5 0.00
6 0.00
7 0.00
8 0.00
9 0.00
10 0.00
11 0.00
12 0.00
13 0.00
14 0.00
15 0.00
16 0.00
17 0.00
18 0.00
19 0.00
20 0.00
21 0.00
22 0.00
23 0.00
24 0.00
25 0.00
26 0.00
27 0.00
28 0.00
29 0.00
30 0.00
31 0.00
32 0.00
33 0.00
34 0.00
35 0.00
36 0.00
37 0.00
38 0.00
39 0.00
40 0.00
41 0.00
42 0.00
43 0.00
44 0.00
45 0.00
46 0.00
47 0.00
48 0.00
49 0.00
50 0.00
51 0.00
52 0.00
53 0.00
54 0.00
55 0.00
56 0.00
57 0.00
58 0.21
59 0.43
60 0.67
61 0.92
62 2.00
63 2.00
64 2.00
65 2.00
66 2.00
67 2.00
68 2.00
69 2.00
70 2.00
71 2.00
72 2.00
73 2.00
74 2.00
75 2.00
76 0.00
77 0.00
78 0.00
79 0.00
80 0.00
81 0.00
82 0.00
83 0.00
84 1.00
85 1.00
86 1.00
87 1.00
88 1.00
89 1.00
90 0.00
91 0.00
92 0.00
93 0.00
94 0.00
95 0.00
96 0.00
97 0.00
98 0.00
99 0.00
100 0.00
101 0.00
102 0.00
103 23.61
104 24.39
105 25.19
106 25.99
107 0.00
108 0.00
109 0.00
110 0.00
111 0.00
112 0.00
113 0.00
114 0.00
115 0.00
116 0.00
117 0.00
118 0.00
119 0.00
120 0.00
121 39.89
122 40.82
123 41.75
124 0.00
125 0.00
126 0.00
127 0.00
128 0.00
129 0.00
130 0.00
131 0.00
132 0.00
133 0.00
134 0.00
135 54.34
136 55.84
137 56.84
138 57.84
139 58.85
140 59.86
141 0.00
142 0.00
143 0.00
144 0.00
145 0.00
146 0.00
147 0.00
148 0.00
149 0.00
150 70.59
151 71.61
152 72.64
153 73.67
154 74.70
155 75.73
156 77.27
157 0.00
158 0.00
159 0.00
160 0.00
161 0.00
162 0.00
163 0.00
164 0.00
165 0.00
166 88.02
167 89.54
168 90.55
169 91.55
170 92.56
171 93.56
172 94.56
173 0.00
174 0.00
175 0.00
176 0.00
177 0.00
178 0.00
179 0.00
180 0.00
181 104.36
182 105.32
183 106.27
184 107.22
185 108.16
186 109.57
187 110.50
188 111.42
189 0.00
190 0.00
191 0.00
192 0.00
193 0.00
194 0.00
195 0.00
196 118.61
197 119.48
198 120.34
199 121.20
200 122.05
201 123.31
202 124.14
203 124.97
204 125.79
205 0.00
206 0.00
207 0.00
208 0.00
209 0.00
210 0.00
211 130.92
212 131.68
213 132.80
214 133.54
215 134.27
216 135.35
217 136.06
218 136.76
219 137.46
220 138.48
221 139.15
222 0.00
223 0.00
224 0.00
225 0.00
226 0.00
227 142.67
228 143.28
229 143.88
230 144.76
231 145.34
232 145.91
233 146.47
234 147.01
235 147.55
236 148.08
237 149.11
238 0.00
239 0.00
240 0.00
241 0.00
242 151.27
243 151.73
244 152.17
245 152.81
246 153.23
247 153.64
248 154.04
249 154.42
250 154.80
251 155.34
252 155.69
253 0.00
254 0.00
255 0.00
256 0.00
257 0.00
258 157.58
259 157.85
260 158.25
261 158.50
262 158.74
263 158.97
264 159.19
265 159.40
266 159.70
267 159.88
268 160.05
269 160.22
270 0.00
271 0.00
272 0.00
273 0.00
274 160.87
275 160.97
276 161.06
277 161.21
278 161.27
279 161.32
280 161.36
281 161.39
282 161.41
283 161.42
284 161.42
285 161.40
286 161.38
287 161.34
288 161.30
289 161.24
290 161.14
291 161.06
292 160.97
293 160.88
294 160.71
295 160.59
296 160.39
297 160.25
298 160.01
299 159.85
300 159.67
301 159.39
302 159.19
303 158.98
304 158.66
305 158.43
306 158.19
307 157.82
308 157.56
309 157.29
310 156.88
311 156.59
312 156.30
313 155.84
314 155.36
315 155.04
316 154.53
317 154.19
318 153.84
319 153.29
320 152.92
321 152.55
322 151.97
323 151.57
324 151.17
325 150.56
326 150.14
327 149.71
328 149.06
329 148.62
330 148.18
331 147.73
332 146.80
333 146.33
334 145.86
335 145.14
336 144.65
337 144.15
338 143.40
339 142.89
340 142.38
341 141.61
342 141.08
343 140.55
344 139.75
345 139.21
346 138.67
347 137.85
348 137.30
349 136.74
350 135.61
351 135.05
352 134.47
353 133.61
354 133.03
355 132.45
356 131.57
357 130.98
358 130.39
359 129.50
360 128.90
361 128.30
362 127.39
363 126.79
364 126.18
365 125.26
366 124.65
367 124.04
368 123.12
369 122.19
370 121.57
371 120.95
372 120.02
373 119.40
374 118.78
375 117.84
376 117.22
377 116.59
378 115.66
379 115.03
380 114.41
381 113.79
382 113.16
383 112.23
384 111.60
385 110.98
386 110.05
387 109.43
388 108.81
389 108.19
390 107.27
391 106.65
392 106.04
393 105.43
394 104.82
395 104.21
396 103.30
397 102.69
398 102.09
399 101.49
400 100.89
401 100.30
402 99.41
403 98.82
404 98.23
405 97.35
406 96.77
407 96.48
408 95.62
409 95.05
410 94.76
411 94.20
412 93.63
413 93.07
414 92.51
415 91.96
416 91.41
417 90.86
418 90.32
419 89.78
420 89.25
421 88.71
422 88.19
423 87.66
424 87.14
425 86.63
426 86.11
427 85.36
428 84.86
429 84.36
430 83.87
431 83.38
432 82.90
433 82.42
434 81.95
435 81.48
436 81.02
437 80.56
438 80.10
439 79.66
440 79.21
441 78.77
442 78.34
443 77.91
444 77.49
445 77.07
446 76.66
447 76.05
448 75.66
449 75.26
450 74.88
451 74.50
452 74.12
453 73.75
454 73.39
455 73.03
456 72.67
457 72.33
458 71.99
459 71.65
460 71.32
461 71.00
462 70.68
463 70.37
464 70.06
465 69.76
466 69.47
467 69.18
468 68.76
469 68.49
470 68.23
471 67.97
472 67.71
473 67.47
474 67.23
475 66.99
476 66.76
477 66.54
478 66.33
479 66.12
480 65.91
481 65.72
482 65.53
483 65.34
484 65.16
485 64.99
486 64.83
487 64.67
488 64.52
489 64.30
490 64.16
491 64.03
492 63.91
493 63.79
494 63.68
495 63.58
496 63.48
497 63.38
498 63.30
499 63.22
500 63.15
501 63.08
502 63.02
503 62.96
504 62.91
505 62.87
506 62.84
507 62.80
508 62.78
509 62.76
510 62.75
511 62.76
512 62.77
513 62.79
514 62.82
515 62.85
516 62.89
517 62.94
518 62.99
519 63.05
520 63.11
521 63.18
522 63.25
523 63.33
524 63.41
525 63.50
526 63.60
527 63.70
528 63.81
529 63.98
530 64.10
531 64.16
532 64.29
533 64.42
534 64.56
535 64.78
536 64.86
537 65.01
538 65.17
539 65.33
540 65.50
541 65.68
542 65.86
543 66.04
544 66.23
545 66.42
546 66.62
547 66.82
548 67.03
549 67.24
550 67.56
551 67.79
552 68.01
553 68.25
554 68.48
555 68.72
556 68.96
557 69.21
558 69.46
559 69.72
560 69.98
561 70.24
562 70.51
563 70.78
564 71.05
565 71.33
566 71.61
567 71.90
568 72.19
569 72.48
570 72.77
571 73.22
572 73.52
573 73.83
574 74.14
575 74.45
576 74.76
577 75.08
578 75.40
579 75.73
580 76.05
581 76.38
582 76.71
583 77.04
584 77.38
585 77.72
586 78.06
587 78.40
588 78.74
589 79.09
590 79.44
591 79.79
592 80.32
593 80.67
594 81.03
595 81.39
596 81.75
597 82.11
598 82.47
599 82.84
600 83.20
601 83.57
602 83.94
603 84.31
604 84.68
605 85.05
606 85.42
607 85.79
608 86.17
609 86.54
610 86.92
611 87.29
612 87.67
613 88.23
614 88.61
615 88.99
616 89.37
617 89.75
618 90.12
619 90.50
620 90.88
621 91.26
622 91.64
623 92.02
624 92.40
625 92.77
626 93.15
627 93.53
628 93.90
629 94.28
630 94.66
631 95.03
632 95.40
633 95.96
634 96.34
635 96.71
636 97.08
637 97.45
638 97.82
639 98.18
640 98.55
641 98.91
642 99.28
643 99.64
644 100.00
645 100.36
646 100.72
647 101.07
648 101.43
649 101.78
650 102.31
651 102.66
652 103.00
653 103.35
654 103.86
655 104.20
656 104.71
657 105.04
658 105.38
659 105.71
660 106.04
661 106.36
662 106.68
663 107.17
664 107.48
665 107.80
666 108.11
667 108.42
668 108.73
669 109.19
670 109.49
671 109.78
672 110.08
673 110.52
674 110.81
675 111.23
676 111.51
677 111.79
678 112.07
679 112.34
680 112.61
681 112.87
682 113.27
683 113.52
684 113.78
685 114.03
686 114.28
687 114.52
688 114.88
689 115.12
690 115.35
691 115.58
692 115.92
693 116.14
694 116.47
695 116.68
696 116.89
697 117.09
698 117.30
699 117.49
700 117.78
701 117.97
702 118.16
703 118.34
704 118.52
705 118.69
706 118.86
707 119.11
708 119.27
709 119.43
710 119.58
711 119.88
712 120.02
713 120.16
714 120.36
715 120.49
716 120.61
717 120.73
718 120.91
719 121.02
720 121.13
721 121.28
722 121.38
723 121.48
724 121.61
725 121.70
726 121.78
727 121.89
728 121.96
729 122.03
730 122.15
731 122.21
732 122.26
733 122.33
734 122.37
735 122.41
736 122.46
737 122.49
738 122.52
739 122.55
740 122.57
741 122.58
742 122.59
743 122.60
744 122.59
745 122.58
746 122.56
747 122.53
748 122.51
749 122.48
750 122.43
751 122.40
752 122.36
753 122.29
754 122.24
755 122.19
756 122.14
757 122.05
758 121.98
759 121.92
760 121.81
761 121.74
762 121.66
763 121.54
764 121.41
765 121.32
766 121.17
767 121.08
768 120.98
769 120.82
770 120.71
771 120.60
772 120.43
773 120.31
774 120.19
775 120.00
776 119.87
777 119.74
778 119.54
779 119.40
780 119.26
781 119.05
782 118.82
783 118.67
784 118.44
785 118.29
786 118.13
787 117.89
788 117.72
789 117.56
790 117.39
791 117.13
792 116.96
793 116.78
794 116.51
795 116.33
796 116.15
797 115.87
798 115.69
799 115.50
800 115.11
801 114.92
802 114.72
803 114.43
804 114.23
805 114.02
806 113.72
807 113.52
808 113.31
809 113.00
810 112.79
811 112.58
812 112.26
813 112.04
814 111.83
815 111.51
816 111.29
817 111.07
818 110.63
819 110.41
820 110.19
821 109.85
822 109.63
823 109.41
824 109.07
825 108.84
826 108.62
827 108.28
828 108.05
829 107.82
830 107.59
831 107.36
832 107.14
833 106.79
834 106.56
835 106.33
836 106.10
837 105.76
838 105.53
839 105.19
840 104.96
841 104.73
842 104.50
843 104.27
844 104.04
845 103.81
846 103.47
847 103.24
848 103.01
849 102.79
850 102.56
851 102.33
852 102.00
853 101.77
854 101.55
855 101.32
856 100.99
857 100.77
858 100.44
859 100.22
860 100.00
861 99.78
862 99.57
863 99.35
864 99.13
865 98.92
866 98.71
867 98.49
868 98.28
869 98.07
870 97.87
871 97.66
872 97.45
873 97.25
874 97.04
875 96.84
876 96.54
877 96.34
878 96.14
879 95.95
880 95.75
881 95.56
882 95.37
883 95.17
884 94.99
885 94.80
886 94.61
887 94.43
888 94.25
889 94.07
890 93.89
891 93.71
892 93.53
893 93.36
894 93.19
895 93.02
896 92.85
897 92.60
898 92.43
899 92.27
900 92.11
901 91.95
902 91.80
903 91.64
904 91.49
905 91.34
906 91.19
907 91.04
908 90.90
909 90.76
910 90.62
911 90.48
912 90.34
913 90.21
914 90.08
915 89.95
916 89.82
917 89.69
918 89.51
919 89.39
920 89.27
921 89.16
922 89.04
923 88.93
924 88.82
925 88.72
926 88.61
927 88.51
928 88.41
929 88.36
930 88.26
931 88.17
932 88.08
933 87.99
934 87.90
935 87.81
936 87.73
937 87.65
938 87.57
939 87.46
940 87.39
941 87.32
942 87.25
943 87.18
944 87.12
945 87.06
946 87.00
947 86.95
948 86.89
949 86.84
950 86.79
951 86.75
952 86.70
953 86.66
954 86.62
955 86.58
956 86.55
957 86.51
958 86.48
959 86.46
960 86.42
961 86.39
962 86.37
963 86.36
964 86.34
965 86.33
966 86.32
967 86.31
968 86.30
969 86.29
970 86.30
971 86.31
972 86.32
973 86.33
974 86.34
975 86.36
976 86.37
977 86.39
978 86.43
979 86.45
980 86.48
981 86.51
982 86.54
983 86.57
984 86.61
985 86.65
986 86.69
987 86.73
988 86.77
989 86.82
990 86.86
991 86.91
992 86.96
993 87.02
994 87.07
995 87.13
996 87.19
997 87.25
998 87.31
999 87.41
1000 87.47
1001 87.54
1002 87.61
1003 87.68
1004 87.76
1005 87.83
1006 87.91
1007 87.99
1008 88.07
1009 88.15
1010 88.23
1011 88.32
1012 88.40
1013 88.49
1014 88.58
1015 88.67
1016 88.77
1017 88.86
1018 88.96
1019 89.05
1020 89.20
1021 89.30
1022 89.40
1023 89.50
1024 89.61
1025 89.71
1026 89.87
1027 89.98
1028 90.09
1029 90.20
1030 90.32
1031 90.43
1032 90.54
1033 90.72
1034 90.83
1035 90.95
1036 91.07
1037 91.19
1038 91.31
1039 91.55
1040 91.68
1041 91.80
1042 91.93
1043 92.05
1044 92.18
1045 92.37
1046 92.50
1047 92.63
1048 92.76
1049 92.89
1050 93.02
1051 93.15
1052 93.35
1053 93.49
1054 93.62
1055 93.75
1056 93.89
1057 94.02
1058 94.29
1059 94.43
1060 94.57
1061 94.70
1062 94.84
1063 94.98
1064 95.19
1065 95.33
1066 95.46
1067 95.60
1068 95.74
1069 95.88
1070 96.09
1071 96.23
1072 96.37
1073 96.51
1074 96.65
1075 96.78
1076 96.92
1077 97.13
1078 97.34
1079 97.48
1080 97.62
1081 97.76
1082 97.90
1083 98.10
1084 98.24
1085 98.38
1086 98.52
1087 98.65
1088 98.79
1089 98.99
1090 99.13
1091 99.26
1092 99.40
1093 99.53
1094 99.67
1095 99.80
1096 100.00
1097 100.20
1098 100.33
1099 100.53
1100 100.66
1101 100.78
1102 100.98
1103 101.10
1104 101.23
1105 101.42
1106 101.55
1107 101.67
1108 101.86
1109 101.98
1110 102.10
1111 102.22
1112 102.40
1113 102.52
1114 102.64
1115 102.87
1116 102.98
1117 103.10
1118 103.27
1119 103.38
1120 103.49
1121 103.65
1122 103.76
1123 103.87
1124 104.03
1125 104.13
1126 104.24
1127 104.39
1128 104.49
1129 104.59
1130 104.74
1131 104.83
1132 104.93
1133 105.12
1134 105.21
1135 105.30
1136 105.43
1137 105.52
1138 105.61
1139 105.73
1140 105.82
1141 105.90
1142 106.02
1143 106.10
1144 106.17
1145 106.29
1146 106.36
1147 106.44
1148 106.51
1149 106.61
1150 106.68
1151 106.78
1152 106.88
1153 106.94
1154 107.00
1155 107.09
1156 107.15
1157 107.20
1158 107.29
1159 107.34
1160 107.39
1161 107.47
1162 107.51
1163 107.56
1164 107.63
1165 107.67
1166 107.71
1167 107.77
1168 107.81
1169 107.87
1170 107.92
1171 107.95
1172 107.98
1173 108.03
1174 108.05
1175 108.08
1176 108.12
1177 108.14
1178 108.16
1179 108.19
1180 108.21
1181 108.22
1182 108.25
1183 108.26
1184 108.27
1185 108.28
1186 108.29
1187 108.30
1188 108.31
1189 108.30
1190 108.29
1191 108.28
1192 108.27
1193 108.26
1194 108.25
1195 108.23
1196 108.21
1197 108.19
1198 108.17
1199 108.13
1200 108.11
1201 108.09
1202 108.05
1203 108.02
1204 108.00
1205 107.95
1206 107.92
1207 107.89
1208 107.84
1209 107.81
1210 107.77
1211 107.72
1212 107.68
1213 107.64
1214 107.58
1215 107.54
1216 107.49
1217 107.45
1218 107.36
1219 107.31
1220 107.26
1221 107.19
1222 107.14
1223 107.09
1224 107.01
1225 106.95
1226 106.90
1227 106.81
1228 106.76
1229 106.70
1230 106.61
1231 106.55
1232 106.49
1233 106.40
1234 106.33
1235 106.27
1236 106.14
1237 106.08
1238 106.01
1239 105.91
1240 105.84
1241 105.77
1242 105.67
1243 105.60
1244 105.52
1245 105.45
1246 105.38
1247 105.27
1248 105.20
1249 105.12
1250 105.05
1251 104.97
1252 104.86
1253 104.78
1254 104.67
1255 104.59
1256 104.51
1257 104.39
1258 104.31
1259 104.23
1260 104.15
1261 104.07
1262 103.95
1263 103.87
1264 103.79
1265 103.71
1266 103.63
1267 103.54
1268 103.42
1269 103.34
1270 103.25
1271 103.17
1272 103.09
1273 102.92
1274 102.84
1275 102.75
1276 102.67
1277 102.58
1278 102.46
1279 102.37
1280 102.29
1281 102.16
1282 102.08
1283 101.99
1284 101.87
1285 101.78
1286 101.70
1287 101.57
1288 101.49
1289 101.40
1290 101.28
1291 101.15
1292 101.07
1293 100.94
1294 100.86
1295 100.78
1296 100.65
1297 100.57
1298 100.49
1299 100.36
1300 100.28
1301 100.20
1302 100.08
1303 100.00
1304 99.92
1305 99.84
1306 99.72
1307 99.64
1308 99.56
1309 99.45
1310 99.37
1311 99.29
1312 99.21
1313 99.10
1314 99.02
1315 98.95
1316 98.87
1317 98.80
1318 98.73
1319 98.62
1320 98.54
1321 98.47
1322 98.40
1323 98.33
1324 98.26
1325 98.16
1326 98.09
1327 98.02
1328 97.95
1329 97.85
1330 97.78
1331 97.72
1332 97.62
1333 97.56
1334 97.49
1335 97.43
1336 97.37
1337 97.31
1338 97.22
1339 97.16
1340 97.10
1341 97.04
1342 96.98
1343 96.93
1344 96.84
1345 96.79
1346 96.73
1347 96.68
1348 96.60
1349 96.55
1350 96.50
1351 96.42
1352 96.37
1353 96.33
1354 96.28
1355 96.23
1356 96.19
1357 96.12
1358 96.07
1359 96.03
1360 95.99
1361 95.95
1362 95.91
1363 95.85
1364 95.81
1365 95.77
1366 95.74
1367 95.68
1368 95.65
1369 95.61
1370 95.56
1371 95.53
1372 95.50
1373 95.47
1374 95.44
1375 95.41
1376 95.37
1377 95.35
1378 95.32
1379 95.30
1380 95.27
1381 95.25
1382 95.22
1383 95.20
1384 95.18
1385 95.16
1386 95.14
1387 95.12
1388 95.10
1389 95.08
1390 95.06
1391 95.05
1392 95.04
1393 95.03
1394 95.02
1395 95.00
1396 94.99
1397 94.98
1398 94.97
1399 94.96
1400 94.97
1401 94.98
1402 94.99
1403 95.00
1404 95.01
1405 95.02
1406 95.03
1407 95.04
1408 95.05
1409 95.07
1410 95.09
1411 95.10
1412 95.12
1413 95.13
1414 95.16
1415 95.18
1416 95.20
1417 95.22
1418 95.24
1419 95.26
1420 95.29
1421 95.31
1422 95.34
1423 95.37
1424 95.39
1425 95.42
1426 95.44
1427 95.47
1428 95.51
1429 95.54
1430 95.57
1431 95.60
1432 95.63
1433 95.66
1434 95.72
1435 95.75
1436 95.78
1437 95.82
1438 95.85
1439 95.88
1440 95.92
1441 95.97
1442 96.01
1443 96.05
1444 96.08
1445 96.12
1446 96.16
1447 96.22
1448 96.26
1449 96.30
1450 96.34
1451 96.38
1452 96.42
1453 96.50
1454 96.54
1455 96.58
1456 96.63
1457 96.67
1458 96.71
1459 96.76
1460 96.83
1461 96.87
1462 96.92
1463 96.96
1464 97.01
1465 97.05
1466 97.12
1467 97.17
1468 97.22
1469 97.26
1470 97.31
1471 97.36
1472 97.46
1473 97.51
1474 97.55
1475 97.60
1476 97.65
1477 97.70
1478 97.75
1479 97.83
1480 97.88
1481 97.93
1482 97.98
1483 98.03
1484 98.08
1485 98.15
1486 98.20
1487 98.25
1488 98.31
1489 98.36
1490 98.41
1491 98.51
1492 98.56
1493 98.61
1494 98.66
1495 98.71
1496 98.77
1497 98.84
1498 98.89
1499 98.95
1500 99.00
1501 99.05
1502 99.10
1503 99.15
1504 99.23
1505 99.28
1506 0.00
1507 99.38
1508 0.00
1509 99.48
1510 99.53
1511 99.60
1512 99.68
1513 99.73
1514 99.78
1515 99.83
1516 99.88
1517 0.00
1518 0.00
1519 0.00
1520 0.00
1521 0.00
1522 0.00
1523 100.22
1524 100.29
1525 100.34
1526 100.38
1527 100.45
1528 100.50
1529 100.55
1530 100.64
1531 0.00
1532 0.00
1533 0.00
1534 0.00
1535 0.00
1536 0.00
1537 0.00
1538 0.00
1539 101.03
1540 101.08
1541 101.12
1542 101.18
1543 101.22
1544 101.26
1545 0.00
1546 0.00
1547 0.00
1548 0.00
1549 0.00
1550 0.00
1551 0.00
1552 0.00
1553 0.00
1554 0.00
1555 101.76
1556 101.80
1557 101.83
1558 101.88
1559 101.92
1560 0.00
1561 0.00
1562 0.00
1563 0.00
1564 0.00
1565 0.00
1566 0.00
1567 0.00
1568 0.00
1569 0.00
1570 0.00
1571 0.00
1572 0.00
1573 0.00
1574 0.00
1575 0.00
1576 0.00
1577 0.00
1578 0.00
1579 0.00
1580 0.00
1581 0.00
1582 0.00
1583 0.00
1584 0.00
1585 0.00
1586 0.00
1587 0.00
1588 0.00
1589 0.00
1590 0.00
1591 0.00
1592 0.00
1593 0.00
1594 0.00
1595 0.00
1596 102.90
1597 102.91
1598 0.00
1599 0.00
1600 0.00
1601 0.00
1602 0.00
1603 0.00
1604 0.00
1605 0.00
1606 0.00
1607 0.00
1608 0.00
1609 0.00
1610 0.00
1611 0.00
1612 0.00
1613 0.00
1614 0.00
1615 0.00
1616 0.00
1617 0.00
1618 0.00
1619 0.00
1620 0.00
1621 0.00
1622 0.00
1623 0.00
1624 0.00
1625 0.00
1626 0.00
1627 0.00
1628 0.00
1629 0.00
1630 0.00
1631 0.00
1632 0.00
1633 0.00
1634 0.00
1635 0.00
1636 0.00
1637 0.00
1638 0.00
1639 0.00
1640 0.00
1641 0.00
1642 0.00
1643 0.00
1644 0.00
1645 0.00
1646 0.00
1647 0.00
1648 0.00
1649 0.00
1650 0.00
1651 0.00
1652 0.00
1653 0.00
1654 0.00
1655 0.00
1656 0.00
1657 0.00
1658 0.00
1659 0.00
1660 0.00
1661 0.00
1662 0.00
1663 0.00
1664 0.00
1665 0.00
1666 0.00
1667 0.00
1668 0.00
1669 0.00
1670 0.00
1671 0.00
1672 0.00
1673 0.00
1674 0.00
1675 0.00
1676 0.00
1677 0.00
1678 0.00
1679 0.00
1680 0.00
1681 0.00
1682 0.00
1683 0.00
1684 0.00
1685 0.00
1686 0.00
1687 0.00
1688 0.00
1689 0.00
1690 0.00
1691 0.00
1692 0.00
1693 0.00
1694 0.00
1695 0.00
1696 0.00
1697 0.00
1698 0.00
1699 0.00
1700 0.00
1701 0.00
1702 0.00
1703 0.00
1704 0.00
1705 0.00
1706 0.00
1707 0.00