0 -0.00
0 -0.00
0 -0.00
0 -0.00
0 -0.00
0 -0.00
0 -0.00
0 -0.00
0 -0.00
0 -0.00
0 -0.00
0 -0.00
1 -0.00
0 -0.00
1 -0.00
1 -0.00
1 -0.00
2 -0.00
2 -0.00
2 -0.00
3 -0.01
3 -0.01
4 -0.01
4 -0.01
4 -0.01
5 -0.01
6 -0.01
7 -0.01
7 -0.01
8 -0.02
9 -0.02
10 -0.02
11 -0.02
12 -0.02
14 -0.03
16 -0.03
17 -0.03
18 -0.04
21 -0.04
22 -0.04
24 -0.05
25 -0.05
28 -0.06
30 -0.06
31 -0.07
34 -0.07
36 -0.08
37 -0.08
40 -0.09
42 -0.09
45 -0.10
48 -0.11
51 -0.11
54 -0.12
58 -0.13
62 -0.14
66 -0.14
71 -0.15
77 -0.16
81 -0.17
88 -0.19
95 -0.20
101 -0.21
110 -0.23
120 -0.25
130 -0.26
141 -0.29
151 -0.31
162 -0.33
173 -0.36
185 -0.38
197 -0.41
208 -0.44
219 -0.47
229 -0.49
239 -0.52
250 -0.55
262 -0.58
273 -0.61
283 -0.64
293 -0.67
303 -0.70
314 -0.73
324 -0.75
334 -0.78
343 -0.81
350 -0.83
358 -0.85
365 -0.87
371 -0.89
378 -0.91
383 -0.93
388 -0.94
393 -0.95
397 -0.96
401 -0.97
405 -0.98
409 -0.98
413 -0.99
416 -0.99
419 -0.99
423 -0.99
426 -0.99
429 -0.99
432 -0.98
436 -0.98
437 -0.97
441 -0.97
443 -0.96
446 -0.95
448 -0.94
451 -0.94
453 -0.93
456 -0.92
458 -0.91
461 -0.90
463 -0.89
465 -0.87
468 -0.86
470 -0.85
472 -0.84
474 -0.83
476 -0.82
478 -0.80
480 -0.79
482 -0.78
484 -0.77
484 -0.76
486 -0.74
487 -0.73
488 -0.72
489 -0.70
491 -0.69
492 -0.68
492 -0.67
493 -0.65
494 -0.64
495 -0.63
496 -0.61
496 -0.60
497 -0.59
498 -0.57
499 -0.56
500 -0.55
501 -0.54
502 -0.52
503 -0.51
504 -0.50
505 -0.49
506 -0.48
507 -0.47
508 -0.46
509 -0.45
510 -0.44
511 -0.43
513 -0.42
514 -0.41
515 -0.40
517 -0.39
518 -0.39
519 -0.38
521 -0.37
523 -0.37
525 -0.36
526 -0.35
528 -0.35
530 -0.34
532 -0.34
535 -0.34
536 -0.33
539 -0.33
541 -0.33
543 -0.32
546 -0.32
549 -0.32
552 -0.32
555 -0.32
558 -0.32
561 -0.32
564 -0.32
567 -0.32
571 -0.32
574 -0.33
577 -0.33
581 -0.33
584 -0.33
587 -0.34
590 -0.34
593 -0.34
596 -0.35
598 -0.35
601 -0.35
603 -0.35
606 -0.36
608 -0.36
610 -0.36
612 -0.36
614 -0.36
616 -0.36
617 -0.36
619 -0.36
621 -0.36
623 -0.36
625 -0.36
627 -0.36
628 -0.36
631 0.00
632 0.00
634 0.00
636 0.00
638 0.00
640 0.00
642 0.00
644 0.00
647 0.00
649 0.00
651 0.00
653 0.00
655 0.00
657 0.00
659 0.00
661 0.00
664 0.00
666 0.00
668 0.00
670 0.00
671 0.00
673 0.00
674 0.00
677 0.00
678 0.00
680 0.00
681 0.00
683 0.00
684 0.00
686 0.00
687 0.00
688 0.00
690 0.00
692 0.00
693 0.00
694 0.00
695 0.00
696 0.00
698 0.00
699 0.00
700 0.00
702 0.00
703 0.00
704 0.00
706 0.00
707 0.00
710 0.00
710 0.00
713 0.00
714 0.00
716 0.00
718 0.00
720 0.00
722 0.00
724 0.00
726 0.00
729 0.00
731 0.00
733 0.00
735 0.00
739 0.00
741 0.00
744 0.00
747 0.00
750 0.00
753 0.00
756 0.00
759 0.00
762 0.00
766 0.00
769 0.00
772 0.00
774 0.00
777 0.00
781 0.00
783 0.00
786 0.00
789 0.00
791 0.00
793 0.00
796 0.00
798 0.00
800 0.00
802 0.00
804 0.00
807 0.00
808 0.00
810 0.00
812 0.00
814 0.00
816 0.00
818 0.00
820 0.00
823 0.00
825 0.00
827 0.00
829 0.00
832 0.00
835 0.00
837 0.00
839 0.00
842 0.00
845 0.00
848 0.00
851 0.00
855 0.00
857 0.00
861 0.00
864 0.00
867 0.00
871 0.00
873 0.00
877 0.00
880 0.00
882 0.00
886 0.00
889 0.00
892 0.00
894 0.00
897 0.00
899 0.00
903 0.00
904 0.00
907 0.00
909 0.00
912 0.00
913 0.00
916 0.00
918 0.00
920 0.00
921 0.00
923 0.00
925 0.00
927 0.00
929 0.00
930 0.00
932 0.00
934 0.00
936 0.00
938 0.00
940 0.00
942 0.00
943 0.00
945 0.00
947 0.00
949 0.00
951 0.00
953 0.00
955 0.00
956 0.00
959 0.00
961 0.00
962 0.00
964 0.00
966 0.00
969 0.00
970 0.00
973 0.00
974 0.00
977 0.00
979 0.00
982 0.00
985 0.00
987 0.00
989 0.00
992 0.00
995 0.00
998 0.00
1001 0.00
1004 0.00
1008 0.00
1012 0.00
1015 0.00
1020 0.00
1024 0.00
1029 0.00
1034 0.00
1038 0.00
1043 0.00
1050 0.00
1055 0.00
1061 0.00
1068 0.00
1074 0.00
1080 0.00
1087 0.00
1094 0.00
1101 0.00
1107 0.00
1113 0.00
1119 0.00
1125 0.00
1132 0.00
1137 0.00
1142 0.00
1147 0.00
1152 0.00
1156 0.00
1160 0.00
1164 0.00
1169 0.00
1172 0.00
1176 0.00
1180 0.00
1184 0.00
1187 0.00
1191 0.00
1194 0.00
1198 0.00
1201 0.00
1205 0.00
1209 0.00
1213 0.00
1217 0.00
1221 0.00
1225 0.00
1229 0.00
1233 0.00
1238 0.00
1243 0.00
1247 0.00
1251 0.00
1255 0.00
1260 -0.66
1264 -0.66
1269 -0.66
1274 -0.66
1278 -0.66
1282 -0.66
1286 -0.66
1289 -0.66
1293 -0.67
1297 -0.67
1300 -0.66
1303 -0.66
1307 -0.66
1309 -0.66
1313 -0.66
1317 -0.66
1319 -0.66
1323 -0.65
1326 -0.65
1329 -0.65
1333 -0.65
1336 -0.64
1340 -0.64
1344 -0.64
1348 -0.64
1352 -0.64
1356 -0.64
1362 -0.63
1365 -0.63
1370 -0.63
1375 -0.63
1380 -0.63
1385 -0.63
1390 -0.64
1394 -0.64
1399 -0.64
1404 -0.64
1407 -0.64
1412 -0.64
1416 -0.64
1419 -0.64
1423 -0.64
1427 -0.64
1429 -0.64
1432 -0.64
1435 -0.64
1437 -0.64
1440 -0.64
1443 -0.64
1446 -0.63
1449 -0.63
1451 -0.63
1454 -0.62
1456 -0.62
1459 -0.62
1461 -0.61
1464 -0.61
1467 -0.61
1470 -0.60
1472 -0.60
1476 -0.59
1478 -0.59
1481 -0.59
1484 -0.58
1487 -0.58
1490 -0.57
1492 -0.57
1495 -0.57
1497 -0.56
1500 -0.56
1502 -0.56
1505 -0.55
1507 -0.55
1509 -0.54
1511 -0.54
1514 -0.53
1515 -0.53
1517 -0.53
1519 -0.52
1521 -0.52
1523 -0.51
1525 -0.51
1527 -0.50
1528 -0.50
1531 -0.49
1533 -0.49
1534 -0.48
1537 -0.48
1539 -0.47
1541 -0.47
1544 -0.46
1546 -0.46
1548 -0.46
1551 -0.45
1554 -0.45
1557 -0.45
1560 -0.44
1563 -0.44
1566 -0.44
1569 -0.44
1573 -0.44
1576 -0.44
1580 -0.44
1584 -0.44
1587 -0.44
1591 -0.44
1595 -0.44
1598 -0.44
1603 -0.44
1607 -0.44
1610 -0.45
1614 -0.45
1618 -0.45
1621 -0.45
1625 -0.46
2071 0.00
2555 0.00
2557 0.00
2560 0.00
2562 0.00
2565 0.00
2567 0.00
2570 0.00
2573 0.00
2575 0.00
2577 0.00
2581 0.00
2583 0.00
2586 0.00
2590 0.00
2592 0.00
2596 0.00
2599 0.00
2603 0.00
2606 0.00
2611 0.00
2614 0.00
2618 0.00
2623 0.00
2627 0.00
2632 0.00
2637 0.00
2642 0.00
2647 0.00
2652 0.00
2657 0.00
2663 0.00
2669 0.00
2675 0.00
2680 0.00
2685 0.00
2690 0.00
2696 0.00
2702 0.00
2708 0.00
2712 0.00
2717 0.00
2723 0.00
2728 0.00
2732 0.00
2738 0.00
2742 0.00
2747 0.00
2751 0.00
2756 0.00
2760 0.00
2765 0.00
2769 0.00
2774 0.00
2778 0.00
2782 0.00
2786 0.00
2791 0.00
2796 0.00
2800 0.00
2805 0.00
2809 0.00
2814 0.00
2819 0.00
2826 0.00
2831 0.00
2837 0.00
2843 0.00
2849 0.00
2856 0.00
2864 0.00
2871 0.00
2879 0.00
2887 0.00
2895 0.00
2903 0.00
2912 0.00
2921 0.00
2929 0.00
2937 0.00
2946 0.00
2953 0.00
2961 0.00
2970 0.00
2977 0.00
2984 0.00
2991 0.00
2997 0.00